t                  Vd                  VR                  VC                  VL
0.000000000000000   0.000000000000000   0.000000000000000   0.000000000000000   0.000000000000000   
0.000000249999999   0.081627674400806   0.000000000000000   0.000000000000000   3.981837749481201   
0.000000499999999   0.162933200597763   0.001073105260730   0.000000000000000   7.895614147186279   
0.000000750000027   0.243595704436302   0.003200973384082   0.000622162129730   11.696222305297852  
0.000000999999997   0.323296844959259   0.006353104952723   0.002478013979271   15.339791297912598  
0.000001249999968   0.401722073554993   0.010487179271877   0.006161400582641   18.784072875976562  
0.000001499999939   0.478561878204346   0.015549485571682   0.012241628952324   21.988817214965820  
0.000001749999910   0.553513050079346   0.021475471556187   0.021256869658828   24.916130065917969  
0.000001999999995   0.626279771327972   0.028190368786454   0.033707860857248   27.530805587768555  
0.000002250000080   0.696574807167053   0.035609919577837   0.050052002072334   29.800628662109375  
0.000002500000164   0.764120817184448   0.043641190975904   0.070697829127312   31.696670532226562  
0.000002750000249   0.828651189804077   0.052183441817760   0.095999993383884   33.193546295166016  
0.000003000000333   0.889911293983459   0.061129100620747   0.126254767179489   34.269626617431641  
0.000003250000418   0.947659254074097   0.070364765822887   0.161696031689644   34.907241821289062  
0.000003500000503   1.001667261123657   0.079772271215916   0.202491939067841   35.092830657958984  
0.000003750000587   1.051722168922424   0.089229792356491   0.248742103576660   34.817085266113281  
0.000004000000445   1.097626328468323   0.098612993955612   0.300475507974625   34.075016021728516  
0.000004250000529   1.139198780059814   0.107796214520931   0.357649087905884   32.866024017333984  
0.000004500000614   1.176275253295898   0.116653613746166   0.420146912336349   31.193885803222656  
0.000004750000699   1.208709478378296   0.125060364603996   0.487780004739761   29.066785812377930  
0.000005000000783   1.236373543739319   0.132893860340118   0.560287177562714   26.497194290161133  
0.000005250000868   1.259158134460449   0.140034854412079   0.637336015701294   23.501817703247070  
0.000005500000952   1.276973485946655   0.146368592977524   0.718524992465973   20.101457595825195  
0.000005750001037   1.289749145507812   0.151785925030708   0.803386211395264   16.320829391479492  
0.000006000001122   1.297434687614441   0.156184390187263   0.891388297080994   12.188389778137207  
0.000006250001206   1.299999952316284   0.159469157457352   0.981940448284149   7.736114025115967   
0.000006500001291   1.297434687614441   0.161554038524628   1.074396967887878   2.999203920364380   
0.000006750001376   1.289749026298523   0.162362322211266   1.168062448501587   -1.984182596206665  
0.000007000001460   1.276973247528076   0.161827594041824   1.262196421623230   -7.173208236694336  
0.000007250001545   1.259157896041870   0.159894406795502   1.356020450592041   -12.524729728698730 
0.000007500001630   1.236373305320740   0.156518995761871   1.448723673820496   -17.993627548217773 
0.000007750001714   1.208709239959717   0.151669710874557   1.539469838142395   -23.533185958862305 
0.000008000001799   1.176274895668030   0.145327523350716   1.627404451370239   -29.095466613769531 
0.000008250001883   1.139198303222656   0.137486293911934   1.711662054061890   -34.631706237792969 
0.000008500001968   1.097625970840454   0.128153055906296   1.791373372077942   -40.092704772949219 
0.000008750002053   1.051721692085266   0.117348074913025   1.865673661231995   -45.429267883300781 
0.000009000002137   1.001666784286499   0.105104885995388   1.933709383010864   -50.592559814453125 
0.000009250002222   0.947658658027649   0.091470189392567   1.994646787643433   -55.534553527832031 
0.000009500002307   0.889910638332367   0.076503627002239   2.047679185867310   -60.208393096923828 
0.000009750002391   0.828650534152985   0.060277462005615   2.092034101486206   -64.568832397460938 
0.000010000002476   0.764120161533356   0.042876161634922   2.126981735229492   -68.572570800781250 
0.000010250002560   0.696574091911316   0.024395853281021   2.151840209960938   -72.178627014160156 
0.000010500002645   0.626278996467590   0.004943713545799   2.165984392166138   -75.348731994628906 
0.000010750002730   0.553512275218964   -0.015362770296633  2.168850660324097   -78.047584533691406 
0.000011000002814   0.478561043739319   -0.036396592855453  2.159943580627441   -80.243209838867188 
0.000011250002899   0.401721179485321   -0.058022137731314  2.138841629028320   -81.907226562500000 
0.000011500002984   0.323295891284943   -0.080096133053303  2.105201721191406   -83.015106201171875 
0.000011750003068   0.243594720959663   -0.102468706667423  2.058763742446899   -83.546348571777344 
0.000012000003153   0.162932172417641   -0.124984450638294  1.999354839324951   -83.484786987304688 
0.000012250003238   0.081626616418362   -0.147483602166176  1.926891684532166   -82.818603515625000 
0.000012500003322   -0.000001085448616  -0.169803217053413  1.841383934020996   -81.540573120117188 
0.000012750003407   -0.081628784537315  -0.191778391599655  1.742935895919800   -79.648109436035156 
0.000013000003491   -0.162934333086014  -0.213243559002876  1.631747126579285   -77.143302917480469 
0.000013250003576   -0.243596851825714  -0.234033688902855  1.508113384246826   -74.032997131347656 
0.000013500003661   -0.323298007249832  -0.253985583782196  1.372425913810730   -70.328697204589844 
0.000013750003745   -0.401723235845566  -0.272939145565033  1.225170731544495   -66.046569824218750 
0.000014000003830   -0.478563070297241  -0.290738731622696  1.066926836967468   -61.207374572753906 
0.000014250003915   -0.553514242172241  -0.307234108448029  0.898363113403320   -55.836257934570312 
0.000014500003999   -0.626280903816223  -0.322281986474991  0.720235764980316   -49.962665557861328 
0.000014750004084   -0.696575939655304  -0.335746914148331  0.533383965492249   -43.620147705078125 
0.000015000004169   -0.764121890068054  -0.347502529621124  0.338725507259369   -36.846088409423828 
0.000015250004253   -0.828652203083038  -0.357432574033737  0.137251406908035   -29.681512832641602 
0.000015500003428   -0.889912009239197  -0.365431725978851  -0.069979906082153  -22.170749664306641 
0.000015750003513   -0.947659969329834  -0.371406733989716  -0.281848937273026  -14.361186027526855 
0.000016000003598   -1.001667976379395  -0.375277101993561  -0.497182160615921  -6.302865505218506  
0.000016250003682   -1.051722764968872  -0.376975715160370  -0.714759290218353  1.951816558837891   
0.000016500003767   -1.097626924514771  -0.376449704170227  -0.933321237564087  10.348488807678223  
0.000016750003851   -1.139199256896973  -0.373660773038864  -1.151578307151794  18.831211090087891  
0.000017000003936   -1.176275730133057  -0.368585765361786  -1.368218302726746  27.342845916748047  
0.000017250004021   -1.208709836006165  -0.361216872930527  -1.581915974617004  35.825511932373047  
0.000017500004105   -1.236373782157898  -0.351561874151230  -1.791341304779053  44.220947265625000  
0.000017750004190   -1.259158372879028  -0.339644342660904  -1.995169043540955  52.470973968505859  
0.000018000004275   -1.276973605155945  -0.325503408908844  -2.192086935043335  60.517890930175781  
0.000018250004359   -1.289749264717102  -0.309193849563599  -2.380806684494019  68.304939270019531  
0.000018500004444   -1.297434806823730  -0.290785640478134  -2.560070276260376  75.776641845703125  
0.000018750004529   -1.299999952316284  -0.270363867282867  -2.728661060333252  82.879264831542969  
0.000019000004613   -1.297434568405151  -0.248027905821800  -2.885411977767944  89.561233520507812  
0.000019250004698   -1.289748907089233  -0.223891153931618  -3.029212951660156  95.773422241210938  
0.000019500004782   -1.276973128318787  -0.198080211877823  -3.159019947052002  101.469604492187500 
0.000019750004867   -1.259157657623291  -0.170734167098999  -3.273862361907959  106.606773376464844 
0.000020000004952   -1.236372947692871  -0.142003640532494  -3.372849941253662  111.145385742187500 
0.000020250005036   -1.208708763122559  -0.112049967050552  -3.455180644989014  115.049850463867188 
0.000020500005121   -1.176274418830872  -0.081044025719166  -3.520144701004028  118.288490295410156 
0.000020750005206   -1.139197826385498  -0.049165282398462  -3.567131996154785  120.834114074707031 
0.000021000005290   -1.097625374794006  -0.016600487753749  -3.595637083053589  122.663993835449219 
0.000021250005375   -1.051720976829529  0.016457457095385   -3.605261564254761  123.760147094726562 
0.000021500005460   -1.001666069030762  0.049810819327831   -3.595720052719116  124.109413146972656 
0.000021750005544   -0.947657942771912  0.083258308470249   -3.566840887069702  123.703636169433594 
0.000022000005629   -0.889909863471985  0.116596437990665   -3.518569469451904  122.539665222167969 
0.000022250005713   -0.828649699687958  0.149620890617371   -3.450969457626343  120.619445800781250 
0.000022500005798   -0.764119267463684  0.182127818465233   -3.364222764968872  117.950027465820312 
0.000022750005883   -0.696573197841644  0.213915362954140   -3.258629083633423  114.543434143066406 
0.000023000005967   -0.626278042793274  0.244784802198410   -3.134605884552002  110.416732788085938 
0.000023250006052   -0.553511261940002  0.274542123079300   -2.992685317993164  105.591804504394531 
0.000023500006137   -0.478560030460358  0.302999109029770   -2.833512067794800  100.095268249511719 
0.000023750006221   -0.401720136404037  0.329974800348282   -2.657840013504028  93.958297729492188  
0.000024000006306   -0.323294848203659  0.355296581983566   -2.466528177261353  87.216423034667969  
0.000024250006391   -0.243593648076057  0.378801375627518   -2.260535240173340  79.909278869628906  
0.000024500006475   -0.162931099534035  0.400336921215057   -2.040914773941040  72.080329895019531  
0.000024750006560   -0.081625536084175  0.419762551784515   -1.808808445930481  63.776596069335938  
0.000025000006644   0.000002170897233   0.436950355768204   -1.565439701080322  55.048366546630859  
0.000025250006729   0.081629864871502   0.451785892248154   -1.312105774879456  45.948764801025391  
0.000025500006814   0.162935405969620   0.464169085025787   -1.050170660018921  36.533508300781250  
0.000025750006898   0.243597909808159   0.474014848470688   -0.781055927276611  26.860433578491211  
0.000026000006983   0.323299050331116   0.481253743171692   -0.506232798099518  16.989175796508789  
0.000026250007068   0.401724278926849   0.485832333564758   -0.227212816476822  6.980721473693848   
0.000026500007152   0.478564083576202   0.487713634967804   0.054461766034365   -3.102991580963135  
0.000026750007237   0.553515195846558   0.486877381801605   0.337227076292038   -13.199476242065430 
0.000027000007321   0.626281857490540   0.483320116996765   0.619507551193237   -23.246135711669922 
0.000027250007406   0.696576833724976   0.477055281400681   0.899725615978241   -33.180683135986328 
0.000027500007491   0.764122784137726   0.468113064765930   1.176311492919922   -42.941547393798828 
0.000027750007575   0.828653037548065   0.456540346145630   1.447712898254395   -52.468299865722656 
0.000028000007660   0.889913022518158   0.442400127649307   1.712404608726501   -61.702033996582031 
0.000028250007745   0.947660923004150   0.425771445035934   1.968898177146912   -70.585792541503906 
0.000028500007829   1.001668810844421   0.406748592853546   2.215750932693481   -79.064910888671875 
0.000028750007914   1.051723599433899   0.385440617799759   2.451574563980103   -87.087387084960938 
0.000029000007999   1.097627639770508   0.361970573663712   2.675044298171997   -94.604248046875000 
0.000029250008083   1.139199972152710   0.336474716663361   2.884906768798828   -101.569824218750000
0.000029500008168   1.176276206970215   0.309101670980453   3.079987049102783   -107.942070007324219
0.000029750008252   1.208710432052612   0.280011296272278   3.259197235107422   -113.682838439941406
0.000030000008337   1.236374258995056   0.249373763799667   3.421541690826416   -118.758094787597656
0.000030250008422   1.259158730506897   0.217368468642235   3.566123008728027   -123.138183593750000
0.000030500008506   1.276973843574524   0.184182718396187   3.692148208618164   -126.797904968261719
0.000030750008591   1.289749383926392   0.150010675191879   3.798933029174805   -129.716781616210938
0.000031000006857   1.297434806823730   0.115052007138729   3.885905981063843   -131.879180908203125
0.000031250005122   1.299999952316284   0.079510569572449   3.952610492706299   -133.274185180664062
0.000031500003388   1.297434687614441   0.043593179434538   3.998708724975586   -133.895950317382812
0.000031750001654   1.289749026298523   0.007508220616728   4.023983001708984   -133.743515014648438
0.000031999999919   1.276973366737366   -0.028535654768348  4.028336048126221   -132.820831298828125
0.000032249998185   1.259158253669739   -0.064330868422985  4.011792182922363   -131.136734008789062
0.000032499996450   1.236373782157898   -0.099672220647335  3.974494218826294   -128.704788208007812
0.000032749994716   1.208710074424744   -0.134358167648315  3.916706562042236   -125.543319702148438
0.000032999992982   1.176276087760925   -0.168192088603973  3.838809013366699   -121.675148010253906
0.000033249991247   1.139199972152710   -0.200983539223671  3.741295099258423   -117.127395629882812
0.000033499989513   1.097628116607666   -0.232549369335175  3.624769210815430   -111.931297302246094
0.000033749987779   1.051724433898926   -0.262714862823486  3.489942550659180   -106.122108459472656
0.000033999986044   1.001670122146606   -0.291314750909805  3.337626218795776   -99.738594055175781 
0.000034249984310   0.947662711143494   -0.318194299936295  3.168728590011597   -92.823005676269531 
0.000034499982576   0.889915347099304   -0.343210101127625  2.984246730804443   -85.420539855957031 
0.000034749980841   0.828655958175659   -0.366230964660645  2.785261154174805   -77.579231262207031 
0.000034999979107   0.764126300811768   -0.387138545513153  2.572928667068481   -69.349449157714844 
0.000035249977373   0.696581065654755   -0.405828207731247  2.348474740982056   -60.783676147460938 
0.000035499975638   0.626286745071411   -0.422209411859512  2.113184690475464   -51.936027526855469 
0.000035749973904   0.553520798683167   -0.436206161975861  1.868397355079651   -42.861968994140625 
0.000035999972170   0.478570342063904   -0.447757482528687  1.615494966506958   -33.617908477783203 
0.000036249970435   0.401731252670288   -0.456817537546158  1.355895280838013   -24.260803222656250 
0.000036499968701   0.323306739330292   -0.463355809450150  1.091042757034302   -14.847814559936523 
0.000036749966966   0.243606299161911   -0.467357307672501  0.822399556636810   -5.435901165008545  
0.000036999965232   0.162944465875626   -0.468822300434113  0.551436364650726   3.918555974960327   
0.000037249963498   0.081639572978020   -0.467766255140305  0.279623836278915   13.160097122192383  
0.000037499961763   0.000012492881069   -0.464219599962234  0.008423556573689   22.234561920166016  
0.000037749960029   -0.081614635884762  -0.458227396011353  -0.260720461606979  31.089424133300781  
0.000037999958295   -0.162919685244560  -0.449848800897598  -0.526390314102173  39.674118041992188  
0.000038249956560   -0.243581756949425  -0.439156651496887  -0.787202417850494  47.940353393554688  
0.000038499954826   -0.323282539844513  -0.426236718893051  -1.041815519332886  55.842422485351562  
0.000038749953092   -0.401707500219345  -0.411187201738358  -1.288937926292419  63.337440490722656  
0.000038999951357   -0.478547126054764  -0.394117742776871  -1.527335047721863  70.385643005371094  
0.000039249949623   -0.553498148918152  -0.375148802995682  -1.755835533142090  76.950538635253906  
0.000039499947889   -0.626264810562134  -0.354410648345947  -1.973338365554810  82.999229431152344  
0.000039749946154   -0.696559965610504  -0.332042336463928  -2.178817749023438  88.502449035644531  
0.000039999944420   -0.764106094837189  -0.308190941810608  -2.371328353881836  93.434791564941406  
0.000040249942685   -0.828636705875397  -0.283010244369507  -2.550010442733765  97.774826049804688  
0.000040499940951   -0.889897167682648  -0.256659924983978  -2.714093446731567  101.505180358886719 
0.000040749939217   -0.947645604610443  -0.229304283857346  -2.862899065017700  104.612571716308594 
0.000040999937482   -1.001654148101807  -0.201111197471619  -2.995844364166260  107.087875366210938 
0.000041249935748   -1.051709771156311  -0.172251015901566  -3.112444162368774  108.926109313964844 
0.000041499934014   -1.097614765167236  -0.142895430326462  -3.212311506271362  110.126449584960938 
0.000041749932279   -1.139187932014465  -0.113216355443001  -3.295159101486206  110.692070007324219 
0.000041999930545   -1.176265478134155  -0.083384841680527  -3.360799312591553  110.630172729492188 
0.000042249928811   -1.208700776100159  -0.053570009768009  -3.409143924713135  109.951866149902344 
0.000042499927076   -1.236366033554077  -0.023937985301018  -3.440202713012695  108.671928405761719 
0.000042749925342   -1.259152054786682  0.005349100101739   -3.454081535339355  106.808799743652344 
0.000042999923608   -1.276968717575073  0.034134075045586   -3.450979948043823  104.384246826171875 
0.000043249921873   -1.289745807647705  0.062265630811453   -3.431189775466919  101.423332214355469 
0.000043499920139   -1.297433018684387  0.089599221944809   -3.395089387893677  97.954002380371094  
0.000043749918405   -1.299999952316284  0.115997821092606   -3.343141794204712  94.007026672363281  
0.000043999916670   -1.297436356544495  0.141332715749741   -3.275888919830322  89.615600585937500  
0.000044249914936   -1.289752602577209  0.165484115481377   -3.193947553634644  84.815162658691406  
0.000044499913201   -1.276978731155396  0.188341796398163   -3.098003864288330  79.643081665039062  
0.000044749911467   -1.259165287017822  0.209805607795715   -2.988807439804077  74.138366699218750  
0.000044999909733   -1.236382484436035  0.229785889387131   -2.867166996002197  68.341392517089844  
0.000045249907998   -1.208720445632935  0.248203888535500   -2.733942508697510  62.293567657470703  
0.000045499906264   -1.176288127899170  0.264992028474808   -2.590039491653442  56.037040710449219  
0.000045749904530   -1.139213681221008  0.280094027519226   -2.436403274536133  49.614418029785156  
0.000045999902795   -1.097643256187439  0.293465107679367   -2.274011135101318  43.068424224853516  
0.000046249901061   -1.051741003990173  0.305072069168091   -2.103866577148438  36.441635131835938  
0.000046499899327   -1.001688122749329  0.314893066883087   -1.926992654800415  29.776168823242188  
0.000046749897592   -0.947682082653046  0.322917729616165   -1.744424819946289  23.113414764404297  
0.000046999895858   -0.889936029911041  0.329146802425385   -1.557204484939575  16.493738174438477  
0.000047249894124   -0.828677833080292  0.333591878414154   -1.366372585296631  9.956237792968750   
0.000047499892389   -0.764149248600006  0.336275070905685   -1.172963500022888  3.538496494293213   
0.000047749890655   -0.696604967117310  0.337228685617447   -0.977998852729797  -2.723648786544800  
0.000047999888920   -0.626311540603638  0.336494654417038   -0.782481312751770  -8.796335220336914  
0.000048249887186   -0.553546428680420  0.334124028682709   -0.587389290332794  -14.647861480712891 
0.000048499885452   -0.478596687316895  0.330176442861557   -0.393671751022339  -20.248847961425781 
0.000048749883717   -0.401758223772049  0.324719369411469   -0.202242940664291  -25.572422027587891 
0.000048999881983   -0.323334187269211  0.317827641963959   -0.013978002592921  -30.594329833984375 
0.000049249880249   -0.243634134531021  0.309582471847534   0.170291259884834   -35.293067932128906 
0.000049499878514   -0.162972584366798  0.300071001052856   0.349780172109604   -39.649940490722656 
0.000049749876780   -0.081667855381966  0.289385348558426   0.523754477500916   -43.649154663085938 
0.000049999875046   -0.000040825798351  0.277621895074844   0.691533565521240   -47.277866363525391 
0.000050249873311   0.081586360931396   0.264880508184433   0.852492451667786   -50.526176452636719 
0.000050499871577   0.162891566753387   0.251263707876205   1.006064176559448   -53.387134552001953 
0.000050749869843   0.243553921580315   0.236875876784325   1.151741147041321   -55.856731414794922 
0.000050999868108   0.323255091905594   0.221822500228882   1.289076447486877   -57.933845520019531 
0.000051249866374   0.401680558919907   0.206209316849709   1.417684197425842   -59.620140075683594 
0.000051499864639   0.478520780801773   0.190141692757607   1.537239670753479   -60.920028686523438 
0.000051749862905   0.553472518920898   0.173723757266998   1.647479534149170   -61.840522766113281 
0.000051999861171   0.626240015029907   0.157057732343674   1.748200535774231   -62.391132354736328 
0.000052249859436   0.696536004543304   0.140243321657181   1.839259147644043   -62.583724975585938 
0.000052499857702   0.764083206653595   0.123377002775669   1.920569062232971   -62.432327270507812 
0.000052749855968   0.828614890575409   0.106551498174667   1.992100358009338   -61.953025817871094 
0.000052999854233   0.889876484870911   0.089855149388313   2.053876399993896   -61.163661956787109 
0.000053249852499   0.947626173496246   0.073371544480324   2.105972528457642   -60.083801269531250 
0.000053499850765   1.001636147499084   0.057178959250450   2.148511648178101   -58.734363555908203 
0.000053749849030   1.051693081855774   0.041350048035383   2.181662797927856   -57.137546539306641 
0.000053999847296   1.097599506378174   0.025951478630304   2.205636501312256   -55.316509246826172 
0.000054249845562   1.139174342155457   0.011043679900467   2.220682621002197   -53.295215606689453 
0.000054499843827   1.176253437995911   -0.003319380339235  2.227085590362549   -51.098182678222656 
0.000054749842093   1.208690404891968   -0.017090339213610  2.225161075592041   -48.750259399414062 
0.000054999840359   1.236357331275940   -0.030228532850742  2.215252637863159   -46.276424407958984 
0.000055249838624   1.259144902229309   -0.042700029909611  2.197726726531982   -43.701549530029297 
0.000055499836890   1.276963353157043   -0.054477594792843  2.172970294952393   -41.050212860107422 
0.000055749835155   1.289742350578308   -0.065540626645088  2.141385316848755   -38.346454620361328 
0.000055999833421   1.297431230545044   -0.075874999165535  2.103386402130127   -35.613666534423828 
0.000056249831687   1.299999952316284   -0.085472881793976  2.059395790100098   -32.874290466308594 
0.000056499829952   1.297438144683838   -0.094332501292229  2.009840488433838   -30.149745941162109 
0.000056749828218   1.289756059646606   -0.102457858622074  1.955148816108704   -27.460237503051758 
0.000056999826484   1.276983976364136   -0.109858393669128  1.895745992660522   -24.824565887451172 
0.000057249824749   1.259172320365906   -0.116548620164394  1.832052707672119   -22.260086059570312 
0.000057499823015   1.236391305923462   -0.122547715902328  1.764480471611023   -19.782508850097656 
0.000057749821281   1.208730936050415   -0.127879098057747  1.693430066108704   -17.405855178833008 
0.000057999819546   1.176300168037415   -0.132569968700409  1.619288682937622   -15.142367362976074 
0.000058249817812   1.139227271080017   -0.136650845408440  1.542427659034729   -13.002415657043457 
0.000058499816078   1.097658514976501   -0.140155002474785  1.463200688362122   -10.994495391845703 
0.000058749814343   1.051757693290710   -0.143118008971214  1.381941914558411   -9.125181198120117  
0.000058999812609   1.001706242561340   -0.145577237010002  1.298965334892273   -7.399114608764648  
0.000059249810874   0.947701454162598   -0.147571310400963  1.214563012123108   -5.819036483764648  
0.000059499809140   0.889956653118134   -0.149139538407326  1.129004478454590   -4.385769844055176  
0.000059749807406   0.828699648380280   -0.150321498513222  1.042536854743958   -3.098327159881592  
0.000059999805671   0.764172136783600   -0.151156499981880  0.955383837223053   -1.953912138938904  
0.000060249803937   0.696628868579865   -0.151683077216148  0.867746710777283   -0.948037266731262  
0.000060499802203   0.626336395740509   -0.151938572525978  0.779804289340973   -0.074601024389267  
0.000060749800468   0.553572058677673   -0.151958689093590  0.691713750362396   0.673999845981598   
0.000060999798734   0.478623032569885   -0.151777043938637  0.603611528873444   1.306758403778076   
0.000061249797000   0.401785165071487   -0.151424869894981  0.515614628791809   1.833922147750854   
0.000061499798903   0.323360472917557   -0.150930628180504  0.427821904420853   2.266789913177490   
0.000061749800807   0.243659630417824   -0.150319725275040  0.340315759181976   2.617736339569092   
0.000061999802710   0.162997141480446   -0.149614259600639  0.253163784742355   2.899883747100830   
0.000062249804614   0.081691384315491   -0.148832723498344  0.166420817375183   3.126989603042603   
0.000062499806518   0.000063215615228   -0.147990003228188  0.080130971968174   3.313280344009399   
0.000062749808421   -0.081565201282501  -0.147097080945969  -0.005670282058418  3.473275899887085   
0.000062999810325   -0.162871718406677  -0.146161034703255  -0.090953834354877  3.621617078781128   
0.000063249812229   -0.243535444140434  -0.145185008645058  -0.175694704055786  3.772891044616699   
0.000063499814132   -0.323238015174866  -0.144168213009834  -0.259869694709778  3.941457986831665   
0.000063749816036   -0.401664912700653  -0.143105983734131  -0.343455165624619  4.141279697418213   
0.000063999817939   -0.478506594896317  -0.141989901661873  -0.426424771547318  4.385759830474854   
0.000064249819843   -0.553459823131561  -0.140807941555977  -0.508747279644012  4.687580108642578   
0.000064499821747   -0.626228690147400  -0.139544636011124  -0.590384542942047  5.058560371398926   
0.000064749823650   -0.696526169776917  -0.138181358575821  -0.671289324760437  5.509488105773926   
0.000064999825554   -0.764074683189392  -0.136696562170982  -0.751403808593750  6.050033569335938   
0.000065249827458   -0.828607738018036  -0.135066062211990  -0.830657362937927  6.688570022583008   
0.000065499829361   -0.889870584011078  -0.133263498544693  -0.908965587615967  7.432121753692627   
0.000065749831265   -0.947621464729309  -0.131260529160500  -0.986228704452515  8.286231994628906   
0.000065999833168   -1.001632452011108  -0.129027396440506  -1.062330603599548  9.254904747009277   
0.000066249835072   -1.051690340042114  -0.126533195376396  -1.137137770652771  10.340517997741699  
0.000066499836976   -1.097597718238831  -0.123746432363987  -1.210498929023743  11.543787002563477  
0.000066749838879   -1.139173269271851  -0.120635375380516  -1.282244324684143  12.863728523254395  
0.000066999840783   -1.176252961158752  -0.117168605327606  -1.352185964584351  14.297638893127441  
0.000067249842687   -1.208690524101257  -0.113315396010876  -1.420117735862732  15.841102600097656  
0.000067499844590   -1.236357688903809  -0.109046213328838  -1.485815525054932  17.488002777099609  
0.000067749846494   -1.259145617485046  -0.104333199560642  -1.549037933349609  19.230512619018555  
0.000067999848397   -1.276964068412781  -0.099150583148003  -1.609528064727783  21.059247970581055  
0.000068249850301   -1.289742946624756  -0.093475118279457  -1.667013287544250  22.963191986083984  
0.000068499852205   -1.297431707382202  -0.087286539375782  -1.721207976341248  24.929891586303711  
0.000068749854108   -1.299999952316284  -0.080567926168442  -1.771814703941345  26.945497512817383  
0.000068999856012   -1.297437667846680  -0.073306120932102  -1.818526268005371  28.994865417480469  
0.000069249857916   -1.289754867553711  -0.065492004156113  -1.861027598381042  31.061695098876953  
0.000069499859819   -1.276981949806213  -0.057120874524117  -1.898998260498047  33.128643035888672  
0.000069749861723   -1.259169340133667  -0.048192705959082  -1.932115674018860  35.177513122558594  
0.000069999863626   -1.236387252807617  -0.038712367415428  -1.960056662559509  37.189353942871094  
0.000070249865530   -1.208725571632385  -0.028689835220575  -1.982501268386841  39.144660949707031  
0.000070499867434   -1.176293611526489  -0.018140349537134  -1.999135017395020  41.023498535156250  
0.000070749869337   -1.139219164848328  -0.007084516342729  -2.009652376174927  42.805740356445312  
0.000070999871241   -1.097648859024048  0.004451630171388   -2.013759851455688  44.471187591552734  
0.000071249873145   -1.051746368408203  0.016436615958810   -2.011178731918335  45.999790191650391  
0.000071499875048   -1.001693248748779  0.028833558782935   -2.001649141311646  47.371818542480469  
0.000071749876952   -0.947686672210693  0.041600260883570   -1.984932184219360  48.568058013916016  
0.000071999878855   -0.889940083026886  0.054689355194569   -1.960813283920288  49.569942474365234  
0.000072249880759   -0.828681170940399  0.068048454821110   -1.929105639457703  50.359806060791016  
0.000072499882663   -0.764151811599731  0.081620424985886   -1.889652729034424  50.920997619628906  
0.000072749884566   -0.696606636047363  0.095343627035618   -1.842330932617188  51.238082885742188  
0.000072999886470   -0.626312255859375  0.109152294695377   -1.787052869796753  51.296989440917969  
0.000073249888374   -0.553546071052551  0.122976832091808   -1.723768830299377  51.085166931152344  
0.000073499890277   -0.478595227003098  0.136744275689125   -1.652469635009766  50.591712951660156  
0.000073749892181   -0.401755571365356  0.150378733873367   -1.573188543319702  49.807525634765625  
0.000073999894084   -0.323330372571945  0.163801878690720   -1.486002326011658  48.725364685058594  
0.000074249895988   -0.243629083037376  0.176933348178864   -1.391033649444580  47.340057373046875  
0.000074499897892   -0.162966296076775  0.189691498875618   -1.288451671600342  45.648483276367188  
0.000074749899795   -0.081660345196724  0.201993763446808   -1.178472876548767  43.649692535400391  
0.000074999901699   -0.000032117488445  0.213757351040840   -1.061361432075500  41.344974517822266  
0.000075249903603   0.081596240401268   0.224899828433990   -0.937429785728455  38.737861633300781  
0.000075499905506   0.162902563810349   0.235339671373367   -0.807037949562073  35.834190368652344  
0.000075749907410   0.243565991520882   0.244996994733810   -0.670593380928040  32.642066955566406  
0.000075999909313   0.323268145322800   0.253794014453888   -0.528549671173096  29.171894073486328  
0.000076249911217   0.401694476604462   0.261655837297440   -0.381405621767044  25.436307907104492  
0.000076499913121   0.478535503149033   0.268510907888412   -0.229703485965729  21.450147628784180  
0.000076749915024   0.553487956523895   0.274291723966599   -0.074026949703693  17.230398178100586  
0.000076999916928   0.626255989074707   0.278935313224792   0.085001185536385   12.796072959899902  
0.000077249918832   0.696552395820618   0.282383829355240   0.246721565723419   8.168146133422852   
0.000077499920735   0.764099836349487   0.284585148096085   0.410441339015961   3.369431495666504   
0.000077749922639   0.828631699085236   0.285493224859238   0.575437366962433   -1.575555682182312  
0.000077999924542   0.889893233776093   0.285068601369858   0.740959882736206   -6.640743732452393  
0.000078249926446   0.947642743587494   0.283278912305832   0.906236171722412   -11.798650741577148 
0.000078499928350   1.001652240753174   0.280099153518677   1.070474863052368   -17.020574569702148 
0.000078749930253   1.051708698272705   0.275512099266052   1.232869982719421   -22.276750564575195 
0.000078999932157   1.097614407539368   0.269508510828018   1.392605781555176   -27.536577224731445 
0.000079249934060   1.139188289642334   0.262087404727936   1.548860788345337   -32.768775939941406 
0.000079499935964   1.176266193389893   0.253256231546402   1.700813055038452   -37.941612243652344 
0.000079749937868   1.208701968193054   0.243030965328217   1.847645401954651   -43.023139953613281 
0.000079999939771   1.236367344856262   0.231436222791672   1.988549113273621   -47.981365203857422 
0.000080249941675   1.259153366088867   0.218505233526230   2.122730493545532   -52.784503936767578 
0.000080499943579   1.276969909667969   0.204279810190201   2.249414920806885   -57.401206970214844 
0.000080749945482   1.289746880531311   0.188810184597969   2.367851734161377   -61.800735473632812 
0.000080999947386   1.297433614730835   0.172154903411865   2.477319717407227   -65.953216552734375 
0.000081249949289   1.299999952316284   0.154380500316620   2.577131271362305   -69.829849243164062 
0.000081499951193   1.297435641288757   0.135561347007751   2.666637420654297   -73.403076171875000 
0.000081749953097   1.289750933647156   0.115779228508472   2.745232820510864   -76.646881103515625 
0.000081999955000   1.276976108551025   0.095122888684273   2.812359094619751   -79.536872863769531 
0.000082249956904   1.259161591529846   0.073687702417374   2.867509365081787   -82.050506591796875 
0.000082499958808   1.236377596855164   0.051575090736151   2.910231828689575   -84.167282104492188 
0.000082749960711   1.208714127540588   0.028892010450363   2.940134048461914   -85.868873596191406 
0.000082999962615   1.176280379295349   0.005750349257141   2.956884860992432   -87.139251708984375 
0.000083249964518   1.139204263687134   -0.017733680084348  2.960218906402588   -87.964920043945312 
0.000083499966422   1.097632169723511   -0.041440226137638  2.949937582015991   -88.334884643554688 
0.000083749968326   1.051728129386902   -0.065246477723122  2.925911426544189   -88.240821838378906 
0.000083999970229   1.001673340797424   -0.089027382433414  2.888082981109619   -87.677177429199219 
0.000084249972133   0.947665393352509   -0.112656384706497  2.836467027664185   -86.641227722167969 
0.000084499974037   0.889917373657227   -0.136006206274033  2.771151542663574   -85.133064270019531 
0.000084749975940   0.828657209873199   -0.158949568867683  2.692298173904419   -83.155677795410156 
0.000084999977844   0.764126658439636   -0.181360021233559  2.600142955780029   -80.714935302734375 
0.000085249979747   0.696580410003662   -0.203112706542015  2.494994401931763   -77.819572448730469 
0.000085499981651   0.626285016536713   -0.224085077643394  2.377234220504761   -74.481170654296875 
0.000085749983555   0.553517937660217   -0.244157746434212  2.247314691543579   -70.714096069335938 
0.000085999985458   0.478566318750381   -0.263215184211731  2.105757713317871   -66.535423278808594 
0.000086249987362   0.401726007461548   -0.281146496534348  1.953151345252991   -61.964817047119141 
0.000086499989266   0.323300242424011   -0.297846019268036  1.790148973464966   -57.024524688720703 
0.000086749991169   0.243598535656929   -0.313214123249054  1.617464661598206   -51.739120483398438 
0.000086999993073   0.162935435771942   -0.327157825231552  1.435870170593262   -46.135452270507812 
0.000087249994976   0.081629313528538   -0.339591354131699  1.246191501617432   -40.242477416992188 
0.000087499996880   0.000001019361321   -0.350436687469482  1.049304127693176   -34.091041564941406 
0.000087749998784   -0.081627272069454  -0.359624236822128  0.846128821372986   -27.713745117187500 
0.000088000000687   -0.162933424115181  -0.367093086242676  0.637626886367798   -21.144741058349609 
0.000088250002591   -0.243596538901329  -0.372791588306427  0.424794644117355   -14.419491767883301 
0.000088500004495   -0.323298275470734  -0.376677632331848  0.208658516407013   -7.574593067169189  
0.000088750006398   -0.401724070310593  -0.378718972206116  -0.009730636142194  -0.647534668445587  
0.000089000008302   -0.478564411401749  -0.378893464803696  -0.229303315281868  6.323530197143555   
0.000089250010205   -0.553516089916229  -0.377189278602600  -0.448977172374725  13.300017356872559  
0.000089500012109   -0.626283228397369  -0.373604923486710  -0.667662978172302  20.243154525756836  
0.000089750014013   -0.696578681468964  -0.368149399757385  -0.884270727634430  27.114215850830078  
0.000090000015916   -0.764124989509583  -0.360842138528824  -1.097715377807617  33.874755859375000  
0.000090250017820   -0.828655660152435  -0.351712882518768  -1.306923389434814  40.486858367919922  
0.000090500019724   -0.889915883541107  -0.340801686048508  -1.510838627815247  46.913383483886719  
0.000090750021627   -0.947664022445679  -0.328158527612686  -1.708427786827087  53.118156433105469  
0.000091000023531   -1.001672029495239  -0.313843190670013  -1.898686766624451  59.066234588623047  
0.000091250025434   -1.051726937294006  -0.297924846410751  -2.080645799636841  64.724082946777344  
0.000091500027338   -1.097631096839905  -0.280481696128845  -2.253376007080078  70.059829711914062  
0.000091750029242   -1.139203190803528  -0.261600583791733  -2.415992975234985  75.043434143066406  
0.000092000031145   -1.176279425621033  -0.241376370191574  -2.567662954330444  79.646820068359375  
0.000092250033049   -1.208713412284851  -0.219911560416222  -2.707607507705688  83.844177246093750  
0.000092500034953   -1.236377000808716  -0.197315543889999  -2.835107088088989  87.611984252929688  
0.000092750036856   -1.259161114692688  -0.173704132437706  -2.949506044387817  90.929222106933594  
0.000093000038760   -1.276975750923157  -0.149198710918427  -3.050215959548950  93.777503967285156  
0.000093250040663   -1.289750695228577  -0.123925670981407  -3.136717796325684  96.141105651855469  
0.000093500042567   -1.297435522079468  -0.098015643656254  -3.208566904067993  98.007164001464844  
0.000093750044471   -1.299999952316284  -0.071602709591389  -3.265394210815430  99.365707397460938  
0.000094000046374   -1.297433733940125  -0.044823650270700  -3.306908130645752  100.209655761718750 
0.000094250048278   -1.289747118949890  -0.017817148938775  -3.332895755767822  100.534912109375000 
0.000094500050182   -1.276970267295837  0.009277010336518   -3.343225955963135  100.340408325195312 
0.000094750052085   -1.259153842926025  0.036318749189377   -3.337847471237183  99.628036499023438  
0.000095000053989   -1.236367940902710  0.063168503344059   -3.316790580749512  98.402633666992188  
0.000095250055892   -1.208702683448792  0.089688017964363   -3.280166864395142  96.671997070312500  
0.000095500057796   -1.176267027854919  0.115741126239300   -3.228168010711670  94.446815490722656  
0.000095750059700   -1.139189243316650  0.141194537281990   -3.161063909530640  91.740486145019531  
0.000096000061603   -1.097615480422974  0.165918603539467   -3.079202413558960  88.569183349609375  
0.000096250063507   -1.051709890365601  0.189787998795509   -2.983006477355957  84.951637268066406  
0.000096500065411   -1.001653552055359  0.212682470679283   -2.872971773147583  80.909057617187500  
0.000096750067314   -0.947644114494324  0.234487459063530   -2.749663352966309  76.464965820312500  
0.000097000069218   -0.889894723892212  0.255094766616821   -2.613712787628174  71.645034790039062  
0.000097250071121   -0.828633248806000  0.274403095245361   -2.465814828872681  66.476997375488281  
0.000097500073025   -0.764101505279541  0.292318642139435   -2.306721925735474  60.990333557128906  
0.000097750074929   -0.696554124355316  0.308755546808243   -2.137242317199707  55.216224670410156  
0.000098000076832   -0.626257777214050  0.323636323213577   -1.958232879638672  49.187255859375000  
0.000098250078736   -0.553489804267883  0.336892277002335   -1.770595908164978  42.937259674072266  
0.000098500080639   -0.478537410497665  0.348463863134384   -1.575273394584656  36.501075744628906  
0.000098750082543   -0.401696443557739  0.358300894498825   -1.373241901397705  29.914365768432617  
0.000099000084447   -0.323270112276077  0.366362810134888   -1.165507078170776  23.213375091552734  
0.000099250086350   -0.243567988276482  0.372618794441223   -0.953098297119141  16.434707641601562  
0.000099500088254   -0.162904590368271  0.377047955989838   -0.737062335014343  9.615110397338867   
0.000099750090158   -0.081598274409771  0.379639238119125   -0.518458485603333  2.791266441345215   
0.000100000092061   0.000030078765121   0.380391478538513   -0.298352241516113  -4.000446796417236  
0.000100250093965   0.081658311188221   0.379313349723816   -0.077809877693653  -10.724153518676758 
0.000100500095868   0.162964269518852   0.376423180103302   0.142107412219048   -17.344697952270508 
0.000100750097772   0.243627071380615   0.371748775243759   0.360349029302597   -23.827840805053711 
0.000101000099676   0.323328375816345   0.365327149629593   0.575880587100983   -30.140457153320312 
0.000101250101579   0.401753634214401   0.357204288244247   0.787689030170441   -36.250717163085938 
0.000101500103483   0.478593349456787   0.347434729337692   0.994787991046906   -42.128257751464844 
0.000101750105387   0.553544223308563   0.336081176996231   1.196222782135010   -47.744377136230469 
0.000102000107290   0.626310467720032   0.323214054107666   1.391075015068054   -53.072124481201172 
0.000102250109194   0.696604907512665   0.308911114931107   1.578467249870300   -58.086509704589844 
0.000102500111097   0.764150142669678   0.293256819248199   1.757566809654236   -62.764560699462891 
0.000102750113001   0.828679621219635   0.276341766119003   1.927590608596802   -67.085502624511719 
0.000103000114905   0.889938592910767   0.258262217044830   2.087807178497314   -71.030769348144531 
0.000103250116808   0.947685301303864   0.239119425415993   2.237541675567627   -74.584182739257812 
0.000103500118712   1.001691937446594   0.219018980860710   2.376177787780762   -77.731941223144531 
0.000103750120616   1.051745176315308   0.198070213198662   2.503160238265991   -80.462692260742188 
0.000104000122519   1.097647666931152   0.176385521888733   2.617996931076050   -82.767547607421875 
0.000104250124423   1.139218211174011   0.154079660773277   2.720261096954346   -84.640121459960938 
0.000104500126326   1.176292657852173   0.131269142031670   2.809592962265015   -86.076553344726562 
0.000104750128230   1.208724856376648   0.108071513473988   2.885699987411499   -87.075447082519531 
0.000105000130134   1.236386537551880   0.084604680538177   2.948357343673706   -87.637832641601562 
0.000105250132037   1.259168744087219   0.060986284166574   2.997409343719482   -87.767166137695312 
0.000105500133941   1.276981592178345   0.037333030253649   3.032767534255981   -87.469215393066406 
0.000105750135845   1.289754629135132   0.013760077767074   3.054412603378296   -86.752098083496094 
0.000106000137748   1.297437548637390   -0.009619613178074  3.062390327453613   -85.626007080078125 
0.000106250139652   1.299999952316284   -0.032695822417736  3.056813001632690   -84.103279113769531 
0.000106500141555   1.297431826591492   -0.055361658334732  3.037856817245483   -82.198211669921875 
0.000106750143459   1.289743185043335   -0.077514074742794  3.005759477615356   -79.926933288574219 
0.000107000145363   1.276964426040649   -0.099054381251335  2.960818529129028   -77.307304382324219 
0.000107250147266   1.259146094322205   -0.119888700544834  2.903388977050781   -74.358741760253906 
0.000107500149170   1.236358404159546   -0.139928385615349  2.833879947662354   -71.102104187011719 
0.000107750151074   1.208691239356995   -0.159090399742126  2.752752780914307   -67.559562683105469 
0.000108000152977   1.176253795623779   -0.177297711372375  2.660515546798706   -63.754341125488281 
0.000108250154881   1.139174222946167   -0.194479510188103  2.557722330093384   -59.710662841796875 
0.000108500156784   1.097598791122437   -0.210571527481079  2.444967508316040   -55.453521728515625 
0.000108750158688   1.051691532135010   -0.225516244769096  2.322882890701294   -51.008541107177734 
0.000109000160592   1.001633763313293   -0.239263042807579  2.192133903503418   -46.401805877685547 
0.000109250162495   0.947622835636139   -0.251768320798874  2.053414583206177   -41.659679412841797 
0.000109500164399   0.889872074127197   -0.262995630502701  1.907444834709167   -36.808639526367188 
0.000109750166303   0.828609287738800   -0.272915542125702  1.754966020584106   -31.875179290771484 
0.000110000168206   0.764076352119446   -0.281505912542343  1.596735835075378   -26.885538101196289 
0.000110250170110   0.696527898311615   -0.288751572370529  1.433525085449219   -21.865638732910156 
0.000110500172013   0.626230478286743   -0.294644325971603  1.266113400459290   -16.840906143188477 
0.000110750173917   0.553461670875549   -0.299182951450348  1.095285415649414   -11.836135864257812 
0.000111000175821   0.478508502244949   -0.302372813224792  0.921825885772705   -6.875344753265381  
0.000111250177724   0.401666849851608   -0.304225713014603  0.746517002582550   -1.981679916381836  
0.000111500179628   0.323239982128143   -0.304759770631790  0.570133805274963   2.822729110717773   
0.000111750181532   0.243537440896034   -0.303999036550522  0.393441051244736   7.516849994659424   
0.000112000183435   0.162873730063438   -0.301973253488541  0.217189282178879   12.080862998962402  
0.000112250185339   0.081567235291004   -0.298717468976974  0.042112026363611   16.496227264404297  
0.000112500187242   -0.000061176891904  -0.294271707534790  -0.131077587604523  20.745761871337891  
0.000112750189146   -0.081689350306988  -0.288680702447891  -0.301689654588699  24.813707351684570  
0.000113000191050   -0.162995129823685  -0.281993418931961  -0.469060212373734  28.685777664184570  
0.000113250192953   -0.243657618761063  -0.274262607097626  -0.632553577423096  32.349197387695312  
0.000113500194857   -0.323358505964279  -0.265544474124908  -0.791564881801605  35.792720794677734  
0.000113750196761   -0.401783227920532  -0.255898356437683  -0.945521593093872  39.006668090820312  
0.000114000198664   -0.478622257709503  -0.245386064052582  -1.093885660171509  41.982898712158203  
0.000114250200568   -0.553572356700897  -0.234071657061577  -1.236154913902283  44.714839935302734  
0.000114500202471   -0.626337707042694  -0.222021013498306  -1.371864438056946  47.197452545166016  
0.000114750204375   -0.696631193161011  -0.209301307797432  -1.500587105751038  49.427181243896484  
0.000115000206279   -0.764175295829773  -0.195980668067932  -1.621935367584229  51.401985168457031  
0.000115250208182   -0.828703582286835  -0.182127833366394  -1.735560536384583  53.121204376220703  
0.000115500210086   -0.889961242675781  -0.167811676859856  -1.841154098510742  54.585582733154297  
0.000115750211990   -0.947706580162048  -0.153100863099098  -1.938447594642639  55.797161102294922  
0.000116000213893   -1.001711726188660  -0.138063535094261  -2.027211904525757  56.759204864501953  
0.000116250215797   -1.051763534545898  -0.122766926884651  -2.107258081436157  57.476169586181641  
0.000116500217700   -1.097664356231689  -0.107277102768421  -2.178435564041138  57.953578948974609  
0.000116750219604   -1.139233231544495  -0.091658614575863  -2.240632295608521  58.197933197021484  
0.000117000221508   -1.176305890083313  -0.075974270701408  -2.293774127960205  58.216705322265625  
0.000117250223411   -1.208736300468445  -0.060284864157438  -2.337822198867798  58.018085479736328  
0.000117500225315   -1.236396193504333  -0.044648990035057  -2.372773885726929  57.611057281494141  
0.000117750227218   -1.259176492691040  -0.029122810810804  -2.398660421371460  57.005207061767578  
0.000118000229122   -1.276987433433533  -0.013759907335043  -2.415545225143433  56.210617065429688  
0.000118250231026   -1.289758563041687  0.001388854230754   -2.423522949218750  55.237827301025391  
0.000118500232929   -1.297439455986023  0.016275448724627   -2.422717809677124  54.097702026367188  
0.000118750234833   -1.299999952316284  0.030854778364301   -2.413281679153442  52.801311492919922  
0.000119000236737   -1.297429800033569  0.045084733515978   -2.395392656326294  51.359909057617188  
0.000119250238640   -1.289739251136780  0.058926228433847   -2.369253635406494  49.784786224365234  
0.000119500240544   -1.276958703994751  0.072343230247498   -2.335089683532715  48.087207794189453  
0.000119750242447   -1.259138345718384  0.085302732884884   -2.293146610260010  46.278320312500000  
0.000120000244351   -1.236348748207092  0.097774744033813   -2.243690013885498  44.369098663330078  
0.000120250246255   -1.208679795265198  0.109732218086720   -2.187002420425415  42.370262145996094  
0.000120500248158   -1.176240563392639  0.121151000261307   -2.123382329940796  40.292232513427734  
0.000120750250062   -1.139159321784973  0.132009759545326   -2.053141593933105  38.145000457763672  
0.000121000251966   -1.097582101821899  0.142289832234383   -1.976605415344238  35.938217163085938  
0.000121250253869   -1.051673293113708  0.151975184679031   -1.894109010696411  33.681003570556641  
0.000121500255773   -1.001613855361938  0.161052212119102   -1.805997252464294  31.382007598876953  
0.000121750257676   -0.947601556777954  0.169509664177895   -1.712622761726379  29.049343109130859  
0.000122000259580   -0.889849364757538  0.177338466048241   -1.614344835281372  26.690584182739258  
0.000122250261484   -0.828585326671600  0.184531584382057   -1.511528134346008  24.312742233276367  
0.000122500263387   -0.764051198959351  0.191083878278732   -1.404540896415710  21.922233581542969  
0.000122750265291   -0.696501612663269  0.196991920471191   -1.293754816055298  19.524940490722656  
0.000123000267195   -0.626203238964081  0.202253893017769   -1.179543375968933  17.126157760620117  
0.000123250269098   -0.553433477878571  0.206869378685951   -1.062281131744385  14.730648040771484  
0.000123500271002   -0.478479564189911  0.210839301347733   -0.942342996597290  12.342639923095703  
0.000123750272905   -0.401637285947800  0.214165642857552   -0.820103168487549  9.965865135192871   
0.000124000274809   -0.323209881782532  0.216851443052292   -0.695934772491455  7.603582382202148   
0.000124250276713   -0.243506893515587  0.218900606036186   -0.570209205150604  5.258618831634521   
0.000124500278616   -0.162842884659767  0.220317795872688   -0.443295598030090  2.933411359786987   
0.000124750280520   -0.081536203622818  0.221108362078667   -0.315560340881348  0.630037784576416   
0.000125000282424   0.000092275018687   0.221278160810471   -0.187366724014282  -1.649715542793274  
0.000125250284327   0.081720389425755   0.220833554863930   -0.059074655175209  -3.904317140579224  
0.000125500286231   0.163025975227356   0.219781339168549   0.068959645926952   -6.132439613342285  
0.000125750288134   0.243688166141510   0.218128636479378   0.196383878588676   -8.332895278930664  
0.000126000290038   0.323388636112213   0.215882927179337   0.322849929332733   -10.504595756530762 
0.000126250291942   0.401812791824341   0.213051930069923   0.448013991117477   -12.646494865417480 
0.000126500293845   0.478651165962219   0.209643706679344   0.571536660194397   -14.757522583007812 
0.000126750295749   0.553600490093231   0.205666556954384   0.693083345890045   -16.836555480957031 
0.000127000297653   0.626364946365356   0.201129093766212   0.812324166297913   -18.882354736328125 
0.000127250299556   0.696657419204712   0.196040317416191   0.928934276103973   -20.893520355224609 
0.000127500301460   0.764200508594513   0.190409511327744   1.042593955993652   -22.868436813354492 
0.000127750303363   0.828727543354034   0.184246465563774   1.152989029884338   -24.805265426635742 
0.000128000305267   0.889983892440796   0.177561447024345   1.259811043739319   -26.701883316040039 
0.000128250307171   0.947727859020233   0.170365288853645   1.362757086753845   -28.555828094482422 
0.000128500309074   1.001731514930725   0.162669494748116   1.461531043052673   -30.364341735839844 
0.000128750310978   1.051781773567200   0.154486313462257   1.555843114852905   -32.124275207519531 
0.000129000312882   1.097681045532227   0.145828813314438   1.645410776138306   -33.832122802734375 
0.000129250314785   1.139248132705688   0.136711061000824   1.729958891868591   -35.483989715576172 
0.000129500316689   1.176319122314453   0.127148121595383   1.809220910072327   -37.075607299804688 
0.000129750318592   1.208747744560242   0.117156252264977   1.882938504219055   -38.602291107177734 
0.000130000320496   1.236405730247498   0.106752932071686   1.950863003730774   -40.059032440185547 
0.000130250322400   1.259184241294861   0.095957018435001   2.012756109237671   -41.440433502197266 
0.000130500324303   1.276993274688721   0.084788829088211   2.068389654159546   -42.740737915039062 
0.000130750326207   1.289762377738953   0.073270194232464   2.117548227310181   -43.953952789306641 
0.000131000328111   1.297441482543945   0.061424605548382   2.160028696060181   -45.073745727539062 
0.000131250330014   1.299999952316284   0.049277231097221   2.195641517639160   -46.093597412109375 
0.000131500331918   1.297427892684937   0.036855004727840   2.224211215972900   -47.006744384765625 
0.000131750333821   1.289735436439514   0.024186687543988   2.245578765869141   -47.806339263916016 
0.000132000335725   1.276952862739563   0.011302880011499   2.259601831436157   -48.485454559326172 
0.000132250337629   1.259130597114563   -0.001763950102031  2.266154766082764   -49.037082672119141 
0.000132500339532   1.236339092254639   -0.014979444444180  2.265132188796997   -49.454322814941406 
0.000132750341436   1.208668351173401   -0.028307383880019  2.256447553634644   -49.730327606201172 
0.000133000343340   1.176227331161499   -0.041709709912539  2.240035533905029   -49.858463287353516 
0.000133250345243   1.139144301414490   -0.055146567523479  2.215853214263916   -49.832305908203125 
0.000133500347147   1.097565531730652   -0.068576373159885  2.183880329132080   -49.645778656005859 
0.000133750349050   1.051655054092407   -0.081955909729004  2.144121408462524   -49.293190002441406 
0.000134000350954   1.001594066619873   -0.095240421593189  2.096605300903320   -48.769306182861328 
0.000134250352858   0.947580277919769   -0.108383759856224  2.041387081146240   -48.069412231445312 
0.000134500354761   0.889826714992523   -0.121338456869125  1.978548526763916   -47.189426422119141 
0.000134750356665   0.828561365604401   -0.134056016802788  1.908199310302734   -46.125949859619141 
0.000135000358569   0.764026045799255   -0.146486967802048  1.830476522445679   -44.876266479492188 
0.000135250360472   0.696475386619568   -0.158581107854843  1.745546698570251   -43.438545227050781 
0.000135500362376   0.626175999641418   -0.170287802815437  1.653604984283447   -41.811763763427734 
0.000135750364279   0.553405344486237   -0.181556075811386  1.554875969886780   -39.995826721191406 
0.000136000366183   0.478450655937195   -0.192334949970245  1.449613928794861   -37.991622924804688 
0.000136250368087   0.401607692241669   -0.202573701739311  1.338102340698242   -35.801021575927734 
0.000136500369990   0.323179751634598   -0.212222069501877  1.220654845237732   -33.426975250244141 
0.000136750371894   0.243476346135139   -0.221230641007423  1.097613215446472   -30.873476028442383 
0.000137000373797   0.162812024354935   -0.229551047086716  0.969348728656769   -28.145637512207031 
0.000137250375701   0.081505164504051   -0.237136289477348  0.836260259151459   -25.249694824218750 
0.000137500377605   -0.000123373145470  -0.243941068649292  0.698774039745331   -22.192991256713867 
0.000137750379508   -0.081751421093941  -0.249922081828117  0.557342469692230   -18.983987808227539 
0.000138000381412   -0.163056835532188  -0.255038261413574  0.412443339824677   -15.632288932800293 
0.000138250383316   -0.243718713521957  -0.259251177310944  0.264577925205231   -12.148557662963867 
0.000138500385219   -0.323418736457825  -0.262525200843811  0.114269964396954   -8.544561386108398  
0.000138750387123   -0.401842355728149  -0.264827966690063  -0.037936214357615  -4.833081722259521  
0.000139000389026   -0.478680074214935  -0.266130477190018  -0.191477477550507  -1.027908205986023  
0.000139250390930   -0.553628623485565  -0.266407519578934  -0.345773905515671  2.856234073638916   
0.000139500392834   -0.626392245292664  -0.265637755393982  -0.500230967998505  6.803730487823486   
0.000139750394737   -0.696683704853058  -0.263804137706757  -0.654241740703583  10.798154830932617  
0.000140000396641   -0.764225661754608  -0.260894030332565  -0.807189345359802  14.822326660156250  
0.000140250398545   -0.828751504421234  -0.256899416446686  -0.958449840545654  18.858427047729492  
0.000140500400448   -0.890006601810455  -0.251817077398300  -1.107394337654114  22.888038635253906  
0.000140750402352   -0.947749137878418  -0.245648741722107  -1.253392100334167  26.892276763916016  
0.000141000404255   -1.001751422882080  -0.238401263952255  -1.395813703536987  30.851881027221680  
0.000141250406159   -1.051800012588501  -0.230086684226990  -1.534033417701721  34.747322082519531  
0.000141500408063   -1.097697734832764  -0.220722287893295  -1.667432546615601  38.558883666992188  
0.000141750409966   -1.139263153076172  -0.210330665111542  -1.795402407646179  42.266822814941406  
0.000142000411870   -1.176332473754883  -0.198939770460129  -1.917347311973572  45.851444244384766  
0.000142250413774   -1.208759188652039  -0.186582803726196  -2.032688140869141  49.293254852294922  
0.000142500415677   -1.236415386199951  -0.173298254609108  -2.140864610671997  52.573043823242188  
0.000142750417581   -1.259191989898682  -0.159129828214645  -2.241338968276978  55.672039031982422  
0.000143000419484   -1.276998996734619  -0.144126221537590  -2.333598852157593  58.571998596191406  
0.000143250421388   -1.289766311645508  -0.128341063857079  -2.417160034179688  61.255355834960938  
0.000143500423292   -1.297443389892578  -0.111832745373249  -2.491569519042969  63.705307006835938  
0.000143750425195   -1.299999952316284  -0.094664163887501  -2.556407451629639  65.905937194824219  
0.000144000427099   -1.297425985336304  -0.076902516186237  -2.611291646957397  67.842346191406250  
0.000144250429003   -1.289731502532959  -0.058619003742933  -2.655878067016602  69.500755310058594  
0.000144500430906   -1.276947021484375  -0.039888545870781  -2.689863920211792  70.868553161621094  
0.000144750432810   -1.259122848510742  -0.020789470523596  -2.712990283966064  71.934486389160156  
0.000145000434713   -1.236329555511475  -0.001403126399964  -2.725043535232544  72.688636779785156  
0.000145250436617   -1.208656907081604  0.018186461180449   -2.725857019424438  73.122611999511719  
0.000145500438521   -1.176214098930359  0.037893004715443   -2.715312957763672  73.229545593261719  
0.000145750440424   -1.139129281044006  0.057628367096186   -2.693343639373779  73.004188537597656  
0.000146000442328   -1.097548842430115  0.077302992343903   -2.659931898117065  72.442924499511719  
0.000146250444232   -1.051636695861816  0.096826359629631   -2.615113258361816  71.543914794921875  
0.000146500446135   -1.001574277877808  0.116107441484928   -2.558975696563721  70.307022094726562  
0.000146750448039   -0.947558939456940  0.135055199265480   -2.491659402847290  68.733917236328125  
0.000147000449942   -0.889804005622864  0.153578996658325   -2.413357257843018  66.828010559082031  
0.000147250451846   -0.828537404537201  0.171589136123657   -2.324315786361694  64.594589233398438  
0.000147500453750   -0.764000833034515  0.188997387886047   -2.224832296371460  62.040683746337891  
0.000147750455653   -0.696449100971222  0.205717355012894   -2.115255832672119  59.175094604492188  
0.000148000457557   -0.626148760318756  0.221665024757385   -1.995985627174377  56.008377075195312  
0.000148250459461   -0.553377211093903  0.236759290099144   -1.867469191551208  52.552810668945312  
0.000148500461364   -0.478421747684479  0.250922262668610   -1.730201482772827  48.822319030761719  
0.000148750463268   -0.401578128337860  0.264079898595810   -1.584722518920898  44.832408905029297  
0.000149000465171   -0.323149621486664  0.276162207126617   -1.431614995002747  40.600154876708984  
0.000149250467075   -0.243445798754692  0.287103950977325   -1.271502375602722  36.144031524658203  
0.000149500468979   -0.162781178951263  0.296844780445099   -1.105045914649963  31.483900070190430  
0.000149750470882   -0.081474125385284  0.305329710245132   -0.932942092418671  26.640892028808594  
0.000150000472786   0.000154471272253   0.312509447336197   -0.755918860435486  21.637262344360352  
