t                  Vd                  VR                  VC                  VL
0.000000000000000   0.000000000000000   0.000000000000000   0.000000000000000   0.000000000000000   
0.000000179923106   0.081627674400806   0.000000000000000   0.000000000000000   0.081627674400806   
0.000000359846211   0.162933200597763   0.000772305706050   0.000000000000000   0.162160888314247   
0.000000539769303   0.243595704436302   0.002306561917067   0.000322253355989   0.240966886281967   
0.000000719692423   0.323296844959259   0.004586427472532   0.001284692552872   0.317425727844238   
0.000000899615543   0.401722103357315   0.007589694112539   0.003198431571946   0.390933960676193   
0.000001079538606   0.478561908006668   0.011288445442915   0.006365317851305   0.460908144712448   
0.000001259461669   0.553513050079346   0.015649246051908   0.011075549758971   0.526788234710693   
0.000001439384732   0.626279711723328   0.020633358508348   0.017605377361178   0.588041007518768   
0.000001619307795   0.696574747562408   0.026197003200650   0.026214880868793   0.644162833690643   
0.000001799230859   0.764120757579803   0.032291635870934   0.037145875394344   0.694683253765106   
0.000001979153922   0.828651070594788   0.038864258676767   0.050619930028915   0.739166855812073   
0.000002159076985   0.889911115169525   0.045857753604650   0.066836483776569   0.777216911315918   
0.000002339000048   0.947659134864807   0.053211253136396   0.085971154272556   0.808476686477661   
0.000002518923111   1.001667141914368   0.060860510915518   0.108174152672291   0.832632482051849   
0.000002698846174   1.051721930503845   0.068738318979740   0.133568897843361   0.849414706230164   
0.000002878769237   1.097626209259033   0.076774910092354   0.162250727415085   0.858600497245789   
0.000003058692300   1.139198541641235   0.084898404777050   0.194285944104195   0.860014259815216   
0.000003238615363   1.176275014877319   0.093035280704498   0.229710757732391   0.853529036045074   
0.000003418538427   1.208709359169006   0.101110793650150   0.268530786037445   0.839067757129669   
0.000003598461490   1.236373305320740   0.109049484133720   0.310720413923264   0.816603422164917   
0.000003778384553   1.259158015251160   0.116775631904602   0.356222540140152   0.786159873008728   
0.000003958307843   1.276973366737366   0.124213747680187   0.404948502779007   0.747811198234558   
0.000004138230906   1.289749026298523   0.131289035081863   0.456778079271317   0.701681971549988   
0.000004318153970   1.297434687614441   0.137927874922752   0.511559903621674   0.647946894168854   
0.000004498077033   1.299999952316284   0.144058302044868   0.569111883640289   0.586829721927643   
0.000004678000096   1.297434687614441   0.149610489606857   0.629221856594086   0.518602311611176   
0.000004857923159   1.289749145507812   0.154517143964767   0.691648542881012   0.443583428859711   
0.000005037846222   1.276973366737366   0.158714041113853   0.756122589111328   0.362136721611023   
0.000005217769285   1.259158134460449   0.162140339612961   0.822347819805145   0.274669945240021   
0.000005397692348   1.236373543739319   0.164739072322845   0.890002727508545   0.181631803512573   
0.000005577615411   1.208709478378296   0.166457548737526   0.958741962909698   0.083509981632233   
0.000005757538474   1.176275253295898   0.167247667908669   1.028198242187500   -0.019170641899109  
0.000005937461538   1.139198780059814   0.167066305875778   1.097984313964844   -0.125851869583130  
0.000006117384601   1.097626447677612   0.165875583887100   1.167694568634033   -0.235943675041199  
0.000006297307664   1.051722288131714   0.163643240928650   1.236908078193665   -0.348829030990601  
0.000006477230727   1.001667380332947   0.160342872142792   1.305190086364746   -0.463865578174591  
0.000006657153790   0.947659432888031   0.155954077839851   1.372094869613647   -0.580389499664307  
0.000006837076853   0.889911472797394   0.150462821125984   1.437168598175049   -0.697719931602478  
0.000007016999916   0.828651487827301   0.143861472606659   1.499950885772705   -0.815160870552063  
0.000007196922979   0.764121174812317   0.136148974299431   1.559978604316711   -0.932006418704987  
0.000007376846042   0.696575164794922   0.127330958843231   1.616788387298584   -1.047544240951538  
0.000007556769106   0.626280188560486   0.117419809103012   1.669918656349182   -1.161058306694031  
0.000007736692169   0.553513467311859   0.106434658169746   1.718913316726685   -1.271834492683411  
0.000007916615687   0.478562176227570   0.094401426613331   1.763324499130249   -1.379163742065430  
0.000008096539204   0.401722162961960   0.081352710723877   1.802714467048645   -1.482344985008240  
0.000008276462722   0.323296755552292   0.067327760159969   1.836659789085388   -1.580690860748291  
0.000008456386240   0.243595421314240   0.052372336387634   1.864753007888794   -1.673529863357544  
0.000008636309758   0.162932723760605   0.036538530141115   1.886605978012085   -1.760211825370789  
0.000008816233276   0.081627011299133   0.019884597510099   1.901852130889893   -1.840109705924988  
0.000008996156794   -0.000000852050562  0.002474728506058   1.910149216651917   -1.912624835968018  
0.000009176080312   -0.081628710031509  -0.015621230006218  1.911181926727295   -1.977189421653748  
0.000009356003829   -0.162934422492981  -0.034328058362007  1.904663801193237   -2.033270120620728  
0.000009535927347   -0.243597105145454  -0.053565487265587  1.890339970588684   -2.080371618270874  
0.000009715850865   -0.323298394680023  -0.073248557746410  1.867989063262939   -2.118038892745972  
0.000009895774383   -0.401723802089691  -0.093288004398346  1.837425351142883   -2.145861148834229  
0.000010075697901   -0.478563755750656  -0.113590680062771  1.798499822616577   -2.163472890853882  
0.000010255621419   -0.553515017032623  -0.134059995412827  1.751102805137634   -2.170557737350464  
0.000010435544937   -0.626281857490540  -0.154596358537674  1.695164799690247   -2.166850328445435  
0.000010615468454   -0.696576952934265  -0.175097614526749  1.630657672882080   -2.152137041091919  
0.000010795391972   -0.764123022556305  -0.195459678769112  1.557596206665039   -2.126259565353394  
0.000010975315490   -0.828653454780579  -0.215576902031898  1.476038455963135   -2.089115142822266  
0.000011155239008   -0.889913499355316  -0.235342696309090  1.386086463928223   -2.040657281875610  
0.000011335162526   -0.947661459445953  -0.254649996757507  1.287887096405029   -1.980898618698120  
0.000011515086044   -1.001669406890869  -0.273391902446747  1.181631565093994   -1.909909009933472  
0.000011695009562   -1.051724195480347  -0.291462182998657  1.067555665969849   -1.827817678451538  
0.000011874933080   -1.097628355026245  -0.308755725622177  0.945939779281616   -1.734812378883362  
0.000012054856597   -1.139200568199158  -0.325169354677200  0.817107915878296   -1.631139159202576  
0.000012234780115   -1.176276922225952  -0.340602099895477  0.681427240371704   -1.517102003097534  
0.000012414703633   -1.208711028099060  -0.354955881834030  0.539307177066803   -1.393062353134155  
0.000012594627151   -1.236374855041504  -0.368136107921600  0.391197800636292   -1.259436607360840  
0.000012774550669   -1.259159326553345  -0.380052030086517  0.237588822841644   -1.116696119308472  
0.000012954474187   -1.276974320411682  -0.390617460012436  0.079007774591446   -0.965364575386047  
0.000013134397705   -1.289749741554260  -0.399751096963882  -0.083981812000275  -0.806016862392426  
0.000013314321222   -1.297435045242310  -0.407377094030380  -0.250782519578934  -0.639275431632996  
0.000013494244740   -1.299999952316284  -0.413425505161285  -0.420765221118927  -0.465809226036072  
0.000013674168258   -1.297434329986572  -0.417832642793655  -0.593271672725677  -0.286330044269562  
0.000013854091776   -1.289748311042786  -0.420541733503342  -0.767617046833038  -0.101589500904083  
0.000014034015294   -1.276972174644470  -0.421502918004990  -0.943092882633209  0.087623655796051   
0.000014213938812   -1.259156465530396  -0.420673877000809  -1.118969798088074  0.280487179756165   
0.000014393862330   -1.236371397972107  -0.418020069599152  -1.294500708580017  0.476149380207062   
0.000014573785847   -1.208706855773926  -0.413515061140060  -1.468924403190613  0.673732638359070   
0.000014753709365   -1.176272153854370  -0.407140672206879  -1.641468286514282  0.872336804866791   
0.000014933632883   -1.139195203781128  -0.398887217044830  -1.811352491378784  1.071044445037842   
0.000015113556401   -1.097622394561768  -0.388753741979599  -1.977792620658875  1.268923997879028   
0.000015293479009   -1.051717877388000  -0.376748025417328  -2.140004634857178  1.465034723281860   
0.000015473402527   -1.001662492752075  -0.362886875867844  -2.297206878662109  1.658431291580200   
0.000015653326045   -0.947654068470001  -0.347195923328400  -2.448625802993774  1.848167657852173   
0.000015833249563   -0.889905631542206  -0.329709827899933  -2.593497037887573  2.033301353454590   
0.000016013173081   -0.828645110130310  -0.310472100973129  -2.731072187423706  2.212899208068848   
0.000016193096599   -0.764114260673523  -0.289535164833069  -2.860620260238647  2.386041164398193   
0.000016373020117   -0.696567833423615  -0.266960054636002  -2.981432199478149  2.551824331283569   
0.000016552943634   -0.626272380352020  -0.242816403508186  -3.092824220657349  2.709368228912354   
0.000016732867152   -0.553505241870880  -0.217182204127312  -3.194142103195190  2.857819080352783   
0.000016912790670   -0.478553712368011  -0.190143451094627  -3.284763813018799  2.996353626251221   
0.000017092714188   -0.401713520288467  -0.161793991923332  -3.364103317260742  3.124183893203735   
0.000017272637706   -0.323287934064865  -0.132235094904900  -3.431613922119141  3.240561008453369   
0.000017452561224   -0.243586480617523  -0.101575098931789  -3.486790418624878  3.344779014587402   
0.000017632484742   -0.162923693656921  -0.069929070770741  -3.529173851013184  3.436179161071777   
0.000017812408259   -0.081617921590805  -0.037418272346258  -3.558352470397949  3.514152765274048   
0.000017992331777   0.000009961941032   -0.004169740248471  -3.573965549468994  3.578145265579224   
0.000018172255295   0.081637807190418   0.029684247449040   -3.575705528259277  3.627659082412720   
0.000018352178813   0.162943452596664   0.064006701111794   -3.563319206237793  3.662256002426147   
0.000018532102331   0.243606045842171   0.098656482994556   -3.536611795425415  3.681561470031738   
0.000018712025849   0.323307216167450   0.133488908410072   -3.495446443557739  3.685264825820923   
0.000018891949367   0.401732444763184   0.168356388807297   -3.439746379852295  3.673122406005859   
0.000019071872885   0.478572219610214   0.203108981251717   -3.369498014450073  3.644961357116699   
0.000019251796402   0.553523302078247   0.237595140933990   -3.284748554229736  3.600676774978638   
0.000019431719920   0.626289844512939   0.271662294864655   -3.185609340667725  3.540236949920654   
0.000019611643438   0.696584641933441   0.305157601833344   -3.072255134582520  3.463682174682617   
0.000019791566956   0.764130413532257   0.337928622961044   -2.944924831390381  3.371126651763916   
0.000019971490474   0.828660428524017   0.369823932647705   -2.803920507431030  3.262757062911987   
0.000020151413992   0.889920115470886   0.400693923234940   -2.649607181549072  3.138833284378052   
0.000020331337510   0.947667717933655   0.430391460657120   -2.482413053512573  2.999689340591431   
0.000020511261027   1.001675248146057   0.458772450685501   -2.302827358245850  2.845730304718018   
0.000020691184545   1.051729559898376   0.485696852207184   -2.111399412155151  2.677432060241699   
0.000020871108063   1.097633242607117   0.511028885841370   -1.908736705780029  2.495341062545776   
0.000021051031581   1.139204978942871   0.534638106822968   -1.695504188537598  2.300071001052856   
0.000021230955099   1.176280856132507   0.556399822235107   -1.472420334815979  2.092301368713379   
0.000021410878617   1.208714365959167   0.576195776462555   -1.240256190299988  1.872774839401245   
0.000021590802135   1.236377716064453   0.593914687633514   -0.999832034111023  1.642295122146606   
0.000021770725652   1.259161591529846   0.609452962875366   -0.752014338970184  1.401722908020020   
0.000021950649170   1.276975989341736   0.622715055942535   -0.497713178396225  1.151974081993103   
0.000022130572688   1.289750814437866   0.633614242076874   -0.237878233194351  0.894014835357666   
0.000022310496206   1.297435641288757   0.642072796821594   0.026504509150982   0.628858327865601   
0.000022490419724   1.299999952316284   0.648022592067719   0.294416695833206   0.357560664415359   
0.000022670343242   1.297433733940125   0.651405572891235   0.564811527729034   0.081216633319855   
0.000022850266760   1.289747118949890   0.652173995971680   0.836617887020111   -0.199044764041901  
0.000023030190277   1.276970505714417   0.650290727615356   1.108744978904724   -0.482065200805664  
0.000023210113795   1.259154200553894   0.645729780197144   1.380086183547974   -0.766661763191223  
0.000023390037313   1.236368536949158   0.638476133346558   1.649524211883545   -1.051631808280945  
0.000023569960831   1.208703517913818   0.628526329994202   1.915935754776001   -1.335758566856384  
0.000023749884349   1.176268339157104   0.615888297557831   2.178195476531982   -1.617815494537354  
0.000023929807867   1.139190793037415   0.600581645965576   2.435182094573975   -1.896572947502136  
0.000024109731385   1.097617506980896   0.582637608051300   2.685781478881836   -2.170801639556885  
0.000024289654903   1.051712274551392   0.562098979949951   2.928893804550171   -2.439280509948730  
0.000024469578420   1.001656413078308   0.539020180702209   3.163435935974121   -2.700799703598022  
0.000024649501938   0.947647511959076   0.513467013835907   3.388348102569580   -2.954167604446411  
0.000024829425456   0.889898657798767   0.485516697168350   3.602598190307617   -3.198216199874878  
0.000025009348974   0.828637778759003   0.455257356166840   3.805185556411743   -3.431805133819580  
0.000025189272492   0.764106571674347   0.422787934541702   3.995146989822388   -3.653828382492065  
0.000025369196010   0.696559786796570   0.388217896223068   4.171559810638428   -3.863217830657959  
0.000025549119528   0.626264035701752   0.351666718721390   4.333548545837402   -4.058951377868652  
0.000025729043045   0.553496658802032   0.313263684511185   4.480285644531250   -4.240052700042725  
0.000025908966563   0.478544861078262   0.273147195577621   4.610998630523682   -4.405601024627686  
0.000026088890081   0.401704460382462   0.231464400887489   4.724972248077393   -4.554732322692871  
0.000026268813599   0.323278695344925   0.188370615243912   4.821553230285645   -4.686645030975342  
0.000026448737117   0.243577122688293   0.144028753042221   4.900153160095215   -4.800604820251465  
0.000026628660635   0.162914246320724   0.098608680069447   4.960250377655029   -4.895944595336914  
0.000026808584153   0.081608414649963   0.052286576479673   5.001395702362061   -4.972074031829834  
0.000026988507670   -0.000019484723452  0.005244179628789   5.023212909698486   -5.028476715087891  
0.000027168431188   -0.081647306680679  -0.042331859469414  5.025401115417480   -5.064716339111328  
0.000027348354706   -0.162952899932861  -0.090250775218010  5.007737636566162   -5.080439567565918  
0.000027528278224   -0.243615403771400  -0.138318464159966  4.970079421997070   -5.075376510620117  
0.000027708201742   -0.323316454887390  -0.186338230967522  4.912364482879639   -5.049342632293701  
0.000027888125260   -0.401741504669189  -0.234111696481705  4.834612846374512   -5.002242565155029  
0.000028068048778   -0.478581070899963  -0.281439512968063  4.736927032470703   -4.934068679809570  
0.000028247972296   -0.553531885147095  -0.328122317790985  4.619493007659912   -4.844902515411377  
0.000028427895813   -0.626298189163208  -0.373961508274078  4.482580184936523   -4.734916687011719  
0.000028607819331   -0.696592688560486  -0.418760091066360  4.326540946960449   -4.604373455047607  
0.000028787742849   -0.764138102531433  -0.462323546409607  4.151808261871338   -4.453622817993164  
0.000028967666367   -0.828667759895325  -0.504460692405701  3.958898544311523   -4.283105850219727  
0.000029147589885   -0.889927089214325  -0.544984519481659  3.748406648635864   -4.093349456787109  
0.000029327513403   -0.947674214839935  -0.583712995052338  3.521005630493164   -3.884966850280762  
0.000029507436921   -1.001681327819824  -0.620469987392426  3.277444601058960   -3.658655881881714  
0.000029687360438   -1.051735162734985  -0.655085682868958  3.018546581268311   -3.415195941925049  
0.000029867283956   -1.097638368606567  -0.687397956848145  2.745204687118530   -3.155445098876953  
0.000030047207474   -1.139209628105164  -0.717252612113953  2.458379745483398   -2.880336761474609  
0.000030227130992   -1.176284909248352  -0.744504392147064  2.159097909927368   -2.590878486633301  
0.000030407054510   -1.208717942237854  -0.769017577171326  1.848445177078247   -2.288145542144775  
0.000030586976209   -1.236380338668823  -0.790666460990906  1.527563929557800   -1.973277807235718  
0.000030766899727   -1.259163737297058  -0.809336245059967  1.197649359703064   -1.647476911544800  
0.000030946823244   -1.276977658271790  -0.824923574924469  0.859944581985474   -1.311998605728149  
0.000031126746762   -1.289752006530762  -0.837336778640747  0.515735864639282   -0.968151092529297  
0.000031306670280   -1.297436118125916  -0.846496760845184  0.166347563266754   -0.617286920547485  
0.000031486593798   -1.299999952316284  -0.852337181568146  -0.186862856149673  -0.260799914598465  
0.000031666517316   -1.297433257102966  -0.854804635047913  -0.542510211467743  0.099881589412689   
0.000031846440834   -1.289746046066284  -0.853859663009644  -0.899187266826630  0.463300883769989   
0.000032026364352   -1.276968836784363  -0.849476218223572  -1.255469918251038  0.827977299690247   
0.000032206287869   -1.259152054786682  -0.841642498970032  -1.609923601150513  1.192414045333862   
0.000032386211387   -1.236365914344788  -0.830360651016235  -1.961108446121216  1.555103182792664   
0.000032566134905   -1.208700299263000  -0.815647363662720  -2.307585954666138  1.914533019065857   
0.000032746058423   -1.176264643669128  -0.797533392906189  -2.647924184799194  2.269192934036255   
0.000032925981941   -1.139186620712280  -0.776063799858093  -2.980704069137573  2.617581367492676   
0.000033105905459   -1.097612738609314  -0.751298069953918  -3.304525613784790  2.958210945129395   
0.000033285828977   -1.051707148551941  -0.723309516906738  -3.618013143539429  3.289615631103516   
0.000033465752495   -1.001650929450989  -0.692185342311859  -3.919822216033936  3.610356569290161   
0.000033645676012   -0.947641611099243  -0.658026635646820  -4.208644390106201  3.919029474258423   
0.000033825599530   -0.889892339706421  -0.620947420597076  -4.483213424682617  4.214268684387207   
0.000034005523048   -0.828631043434143  -0.581074833869934  -4.742311000823975  4.494754791259766   
0.000034185446566   -0.764099538326263  -0.538548529148102  -4.984770774841309  4.759219646453857   
0.000034365370084   -0.696552455425262  -0.493520021438599  -5.209486007690430  5.006453514099121   
0.000034545293602   -0.626256406307220  -0.446152359247208  -5.415412902832031  5.235308647155762   
0.000034725217120   -0.553488790988922  -0.396619439125061  -5.601575374603271  5.444705963134766   
0.000034905140637   -0.478536754846573  -0.345105320215225  -5.767068862915039  5.633637428283691   
0.000035085064155   -0.401696175336838  -0.291803658008575  -5.911068439483643  5.801176071166992   
0.000035264987673   -0.323270291090012  -0.236916854977608  -6.032826423645020  5.946473121643066   
0.000035444911191   -0.243568584322929  -0.180655345320702  -6.131682872772217  6.068769454956055   
0.000035624834709   -0.162905618548393  -0.123236760497093  -6.207063198089600  6.167394161224365   
0.000035804758227   -0.081599734723568  -0.064885064959526  -6.258485317230225  6.241770744323730   
0.000035984681745   0.000028181721063   -0.005829656496644  -6.285559177398682  6.291417121887207   
0.000036164605262   0.081655986607075   0.053695462644100   -6.287991523742676  6.315951824188232   
0.000036344528780   0.162961527705193   0.113452725112438   -6.265586853027344  6.315095424652100   
0.000036524452298   0.243623942136765   0.173201873898506   -6.218247413635254  6.288669586181641   
0.000036704375816   0.323324888944626   0.232701003551483   -6.145977020263672  6.236600875854492   
0.000036884299334   0.401749789714813   0.291707485914230   -6.048879623413086  6.158921718597412   
0.000037064222852   0.478589177131653   0.349979043006897   -5.927161693572998  6.055771827697754   
0.000037244146370   0.553539752960205   0.407274633646011   -5.781128883361816  5.927393913269043   
0.000037424069887   0.626305758953094   0.463355630636215   -5.611188888549805  5.774138927459717   
0.000037603993405   0.696600019931793   0.517986595630646   -5.417848110198975  5.596461296081543   
0.000037783916923   0.764145135879517   0.570936560630798   -5.201712131500244  5.394920825958252   
0.000037963840441   0.828674495220184   0.621979594230652   -4.963482379913330  5.170177459716797   
0.000038143763959   0.889933407306671   0.670896351337433   -4.703954219818115  4.922991275787354   
0.000038323687477   0.947680175304413   0.717474341392517   -4.424015045166016  4.654221057891846   
0.000038503610995   1.001686811447144   0.761509418487549   -4.124640941619873  4.364818572998047   
0.000038683534513   1.051740288734436   0.802806317806244   -3.806892633438110  4.055826663970947   
0.000038863458030   1.097643017768860   0.841179847717285   -3.471912384033203  3.728375434875488   
0.000039043381548   1.139213800430298   0.876455187797546   -3.120920658111572  3.383679389953613   
0.000039223305066   1.176288604736328   0.908469259738922   -2.755209922790527  3.023029327392578   
0.000039403228584   1.208721041679382   0.937071144580841   -2.376140832901001  2.647790670394897   
0.000039583152102   1.236383318901062   0.962122678756714   -1.985137343406677  2.259397983551025   
0.000039763075620   1.259166121482849   0.983499586582184   -1.583680629730225  1.859347105026245   
0.000039942999138   1.276979446411133   1.001091480255127   -1.173304200172424  1.449192166328430   
0.000040122922655   1.289753198623657   1.014802694320679   -0.755587399005890  1.030537843704224   
0.000040302846173   1.297436714172363   1.024552941322327   -0.332149416208267  0.605033159255981   
0.000040482769691   1.299999952316284   1.030277371406555   0.095356985926628   0.174365594983101   
0.000040662693209   1.297432661056519   1.031927108764648   0.525251924991608   -0.259746372699738  
0.000040842616727   1.289744853973389   1.029469609260559   0.955835282802582   -0.695560038089752  
0.000041022540245   1.276967048645020   1.022888660430908   1.385393142700195   -1.131314754486084  
0.000041202463763   1.259149670600891   1.012184977531433   1.812205076217651   -1.565240383148193  
0.000041382387280   1.236362934112549   0.997375726699829   2.234550952911377   -1.995563745498657  
0.000041562310798   1.208696842193604   0.978495061397552   2.650717020034790   -2.420515298843384  
0.000041742234316   1.176260471343994   0.955593764781952   3.059005260467529   -2.838338613510132  
0.000041922157834   1.139182090759277   0.928739309310913   3.457737684249878   -3.247294902801514  
0.000042102081352   1.097607731819153   0.898015618324280   3.845264673233032   -3.645672559738159  
0.000042282004870   1.051701545715332   0.863522708415985   4.219971656799316   -4.031792640686035  
0.000042461928388   1.001644849777222   0.825376629829407   4.580286502838135   -4.404018402099609  
0.000042641851906   0.947635054588318   0.783708751201630   4.924684524536133   -4.760758399963379  
0.000042821775423   0.889885365962982   0.738665699958801   5.251695632934570   -5.100475788116455  
0.000043001698941   0.828623712062836   0.690408468246460   5.559912681579590   -5.421697616577148  
0.000043181622459   0.764091849327087   0.639112055301666   5.847992897033691   -5.723012924194336  
0.000043361545977   0.696544408798218   0.584964752197266   6.114669799804688   -6.003089904785156  
0.000043541469495   0.626248061656952   0.528167605400085   6.358752727508545   -6.260672092437744  
0.000043721393013   0.553480148315430   0.468933373689651   6.579136371612549   -6.494589805603027  
0.000043901316531   0.478527903556824   0.407485961914062   6.774804592132568   -6.703762531280518  
0.000044081240048   0.401687115430832   0.344059526920319   6.944832324981689   -6.887204647064209  
0.000044261163566   0.323261052370071   0.278897464275360   7.088395118713379   -7.044031620025635  
0.000044441087084   0.243559226393700   0.212251633405685   7.204768180847168   -7.173460483551025  
0.000044621010602   0.162896171212196   0.144381210207939   7.293332576751709   -7.274817466735840  
0.000044800934120   0.081590235233307   0.075551815330982   7.353577136993408   -7.347538948059082  
0.000044980857638   -0.000037704503484  0.006034383084625   7.385101795196533   -7.391173839569092  
0.000045160781156   -0.081665493547916  -0.063895896077156  7.387619972229004   -7.405389785766602  
0.000045340704673   -0.162970989942551  -0.133960664272308  7.360958576202393   -7.389968872070312  
0.000045520628191   -0.243633300065994  -0.203879535198212  7.305061817169189   -7.344815731048584  
0.000045700551709   -0.323334097862244  -0.273371219635010  7.219991207122803   -7.269954204559326  
0.000045880475227   -0.401758849620819  -0.342154592275620  7.105924129486084   -7.165528297424316  
0.000046060398745   -0.478598028421402  -0.409949958324432  6.963156223297119   -7.031804084777832  
0.000046240322263   -0.553548395633698  -0.476480126380920  6.792099475860596   -6.869167804718018  
0.000046420245781   -0.626314103603363  -0.541471540927887  6.593283176422119   -6.678125858306885  
0.000046600169298   -0.696608066558838  -0.604655444622040  6.367347717285156   -6.459300518035889  
0.000046780092816   -0.764152824878693  -0.665768980979919  6.115048408508301   -6.213432312011719  
0.000046960016334   -0.828681826591492  -0.724556207656860  5.837248802185059   -5.941374301910400  
0.000047139939852   -0.889940381050110  -0.780769467353821  5.534919738769531   -5.644090652465820  
0.000047319863370   -0.947686672210693  -0.834170043468475  5.209134578704834   -5.322651386260986  
0.000047499786888   -1.001692891120911  -0.884529352188110  4.861067771911621   -4.978231430053711  
0.000047679710406   -1.051745891571045  -0.931630015373230  4.491987705230713   -4.612103462219238  
0.000047859633924   -1.097648143768311  -0.975266635417938  4.103254318237305   -4.225636005401611  
0.000048039557441   -1.139218330383301  -1.015246748924255  3.696313142776489   -3.820284843444824  
0.000048219480959   -1.176292657852173  -1.051391720771790  3.272689819335938   -3.397590637207031  
0.000048399404477   -1.208724617958069  -1.083537459373474  2.833984613418579   -2.959171772003174  
0.000048579327995   -1.236386299133301  -1.111535191535950  2.381866455078125   -2.506717681884766  
0.000048759251513   -1.259168386459351  -1.135251998901367  1.918065667152405   -2.041982173919678  
0.000048939175031   -1.276981234550476  -1.154571771621704  1.444368958473206   -1.566778421401978  
0.000049119098549   -1.289754390716553  -1.169395565986633  0.962610661983490   -1.082969427108765  
0.000049299022066   -1.297437310218811  -1.179641962051392  0.474667072296143   -0.592462420463562  
0.000049478945584   -1.299999952316284  -1.185247421264648  -0.017551932483912  -0.097200602293015  
0.000049658869102   -1.297432065010071  -1.186167120933533  -0.512109875679016  0.400844931602478   
0.000049838792620   -1.289743661880493  -1.182374596595764  -1.007051587104797  0.899682521820068   
0.000050018716138   -1.276965260505676  -1.173862338066101  -1.500410914421082  1.397307991981506   
0.000050198639656   -1.259147286415100  -1.160642027854919  -1.990218281745911  1.891713023185730   
0.000050378563174   -1.236359953880310  -1.142743945121765  -2.474509477615356  2.380893468856812   
0.000050558486691   -1.208693385124207  -1.120217561721802  -2.951332569122314  2.862856864929199   
0.000050738410209   -1.176256418228149  -1.093131184577942  -3.418756008148193  3.335630893707275   
0.000050918333727   -1.139177441596985  -1.061571717262268  -3.874877691268921  3.797271966934204   
0.000051098257245   -1.097602605819702  -1.025644421577454  -4.317830562591553  4.245872497558594   
0.000051278180763   -1.051695942878723  -0.985472857952118  -4.745791912078857  4.679568767547607   
0.000051458104281   -1.001638770103455  -0.941197991371155  -5.156991958618164  5.096550941467285   
0.000051638027799   -0.947628557682037  -0.892977893352509  -5.549717426300049  5.495066642761230   
0.000051817951316   -0.889878451824188  -0.840987265110016  -5.922322750091553  5.873431682586670   
0.000051997874834   -0.828616380691528  -0.785416841506958  -6.273233890533447  6.230034351348877   
0.000052177798352   -0.764084160327911  -0.726472496986389  -6.600957870483398  6.563346385955811   
0.000052357721870   -0.696536362171173  -0.664374589920044  -6.904087066650391  6.871925354003906   
0.000052537645388   -0.626239717006683  -0.599357068538666  -7.181304931640625  7.154422283172607   
0.000052717568906   -0.553471505641937  -0.531666755676270  -7.431393146514893  7.409588336944580   
0.000052897492424   -0.478519052267075  -0.461562246084213  -7.653237342834473  7.636280536651611   
0.000053077415942   -0.401678055524826  -0.389312952756882  -7.845829486846924  7.833464622497559   
0.000053257339459   -0.323251843452454  -0.315198034048080  -8.008274078369141  8.000220298767090   
0.000053437262977   -0.243549868464470  -0.239505365490913  -8.139794349670410  8.135749816894531   
0.000053617186495   -0.162886723875999  -0.162530407309532  -8.239730834960938  8.239374160766602   
0.000053797110013   -0.081580728292465  -0.084575034677982  -8.307547569274902  8.310542106628418   
0.000053977033531   0.000047227287723   -0.005946332123131  -8.342838287353516  8.348832130432129   
0.000054156957049   0.081674993038177   0.073044657707214   -8.345319747924805  8.353950500488281   
0.000054336880567   0.162980437278748   0.152084052562714   -8.314840316772461  8.325736999511719   
0.000054516804084   0.243642657995224   0.230856522917747   -8.251381874084473  8.264167785644531   
0.000054696727602   0.323343336582184   0.309046477079391   -8.155054092407227  8.169350624084473   
0.000054876651120   0.401767909526825   0.386339306831360   -8.026101112365723  8.041529655456543   
0.000055056574638   0.478606879711151   0.462422817945480   -7.864896774291992  7.881080627441406   
0.000055236498156   0.553556978702545   0.536988258361816   -7.671945571899414  7.688514232635498   
0.000055416421674   0.626322448253632   0.609731793403625   -7.447881221771240  7.464471817016602   
0.000055596345192   0.696616113185883   0.680355548858643   -7.193463325500488  7.209723949432373   
0.000055776268709   0.764160573482513   0.748569071292877   -6.909577369689941  6.925168991088867   
0.000055956192227   0.828689157962799   0.814090311527252   -6.597228050231934  6.611826896667480   
0.000056136115745   0.889947295188904   0.876646935939789   -6.257539749145508  6.270840167999268   
0.000056316039263   0.947693228721619   0.935977339744568   -5.891749382019043  5.903465270996094   
0.000056495962781   1.001698970794678   0.991831958293915   -5.501202106475830  5.511069297790527   
0.000056675886299   1.051751494407654   1.043973922729492   -5.087348937988281  5.095126628875732   
0.000056855809817   1.097653150558472   1.092180609703064   -4.651739120483398  4.657211780548096   
0.000057035733334   1.139222979545593   1.136243939399719   -4.196013927459717  4.198992729187012   
0.000057215656852   1.176296710968018   1.175972104072571   -3.721903324127197  3.722228050231934   
0.000057395580370   1.208728075027466   1.211189270019531   -3.231215476989746  3.228754281997681   
0.000057575503888   1.236389160156250   1.241737604141235   -2.725833177566528  2.720484733581543   
0.000057755427406   1.259170770645142   1.267477035522461   -2.207704067230225  2.199397802352905   
0.000057935350924   1.276983022689819   1.288286209106445   -1.678834795951843  1.667531609535217   
0.000058115274442   1.289755582809448   1.304063320159912   -1.141282796859741  1.126975059509277   
0.000058295197960   1.297437906265259   1.314725875854492   -0.597147524356842  0.579859554767609   
0.000058475121477   1.299999952316284   1.320212125778198   -0.048563200980425  0.028351027518511   
0.000058655044995   1.297431468963623   1.320480346679688   0.502310335636139   -0.525359213352203  
0.000058834968513   1.289742469787598   1.315509676933289   1.053295731544495   -1.079062938690186  
0.000059014892031   1.276963472366333   1.305300354957581   1.602207183837891   -1.630544066429138  
0.000059194815549   1.259144902229309   1.289873361587524   2.146858692169189   -2.177587032318115  
0.000059374739067   1.236357092857361   1.269270420074463   2.685072898864746   -2.717986106872559  
0.000059554662585   1.208689808845520   1.243554711341858   3.214690446853638   -3.249555349349976  
0.000059734586102   1.176252365112305   1.212809681892395   3.733577728271484   -3.770134925842285  
0.000059914509620   1.139172911643982   1.177139282226562   4.239636421203613   -4.277602672576904  
0.000060094433138   1.097597479820251   1.136667490005493   4.730811119079590   -4.769881248474121  
0.000060274356656   1.051690340042114   1.091538190841675   5.205098628997803   -5.244946479797363  
0.000060454280174   1.001632690429688   1.041913986206055   5.660555362701416   -5.700836658477783  
0.000060634203692   0.947622001171112   0.987976551055908   6.095305919647217   -6.135660648345947  
0.000060814127210   0.889871478080750   0.929925143718719   6.507550716400146   -6.547604560852051  
0.000060994050727   0.828609049320221   0.867976129055023   6.895572185516357   -6.934939384460449  
0.000061173974245   0.764076411724091   0.802362442016602   7.257745265960693   -7.296031475067139  
0.000061353894125   0.696529746055603   0.733332335948944   7.592540264129639   -7.629343032836914  
0.000061533814005   0.626234233379364   0.661148667335510   7.898531913757324   -7.933446407318115  
0.000061713733885   0.553467392921448   0.586087763309479   8.174403190612793   -8.207023620605469  
0.000061893653765   0.478516340255737   0.508438467979431   8.418954849243164   -8.448877334594727  
0.000062073573645   0.401676863431931   0.428500950336456   8.631106376647949   -8.657930374145508  
0.000062253493525   0.323252201080322   0.346585482358932   8.809904098510742   -8.833237648010254  
0.000062433413405   0.243551865220070   0.263011366128922   8.954520225524902   -8.973979949951172  
0.000062613333284   0.162890374660492   0.178105652332306   9.064264297485352   -9.079479217529297  
0.000062793253164   0.081586055457592   0.092201776802540   9.138581275939941   -9.149196624755859  
0.000062973173044   -0.000040234390326  0.005638271570206   9.177053451538086   -9.182731628417969  
0.000063153092924   -0.081666372716427  -0.081242509186268  9.179406166076660   -9.179829597473145  
0.000063333012804   -0.162970215082169  -0.168095827102661  9.145506858825684   -9.140380859375000  
0.000063512932684   -0.243630915880203  -0.254575937986374  9.075366020202637   -9.064420700073242  
0.000063692852564   -0.323330163955688  -0.340337365865707  8.969141960144043   -8.952135086059570  
0.000063872772444   -0.401753395795822  -0.425036370754242  8.827132225036621   -8.803849220275879  
0.000064052692323   -0.478591144084930  -0.508332431316376  8.649781227111816   -8.620039939880371  
0.000064232612203   -0.553540229797363  -0.589889407157898  8.437673568725586   -8.401324272155762  
0.000064412532083   -0.626304745674133  -0.669377028942108  8.191534996032715   -8.148462295532227  
0.000064592451963   -0.696597695350647  -0.746472239494324  7.912230014801025   -7.862355232238770  
0.000064772371843   -0.764141499996185  -0.820860505104065  7.600756168365479   -7.544037342071533  
0.000064952291723   -0.828669786453247  -0.892237067222595  7.258242607116699   -7.194675445556641  
0.000065132211603   -0.889927744865417  -0.960308194160461  6.885946750640869   -6.815566062927246  
0.000065312131483   -0.947673738002777  -1.024792551994324  6.485247135162354   -6.408128261566162  
0.000065492051363   -1.001679778099060  -1.085421919822693  6.057641029357910   -5.973898887634277  
0.000065671971242   -1.051732778549194  -1.141942858695984  5.604736804962158   -5.514526844024658  
0.000065851891122   -1.097635269165039  -1.194117546081543  5.128247737884521   -5.031765460968018  
0.000066031811002   -1.139206051826477  -1.241724729537964  4.629988670349121   -4.527470111846924  
0.000066211730882   -1.176281094551086  -1.284560561180115  4.111864566802979   -4.003584861755371  
0.000066391650762   -1.208714008331299  -1.322439908981323  3.575866937637329   -3.462141036987305  
0.000066571570642   -1.236376881599426  -1.355196237564087  3.024064064025879   -2.905244827270508  
0.000066751490522   -1.259160399436951  -1.382683753967285  2.458593130111694   -2.335069656372070  
0.000066931410402   -1.276974916458130  -1.404776573181152  1.881652593612671   -1.753850936889648  
0.000067111330281   -1.289749860763550  -1.421370387077332  1.295493602752686   -1.163873076438904  
0.000067291250161   -1.297435045242310  -1.432382106781006  0.702410638332367   -0.567463576793671  
0.000067471170041   -1.299999952316284  -1.437751054763794  0.104732885956764   0.033018216490746   
0.000067651089921   -1.297434568405151  -1.437438726425171  -0.495185136795044  0.635189294815063   
0.000067831009801   -1.289748907089233  -1.431429028511047  -1.094972729682922  1.236652851104736   
0.000068010929681   -1.276973485946655  -1.419728636741638  -1.692252755165100  1.835007905960083   
0.000068190849561   -1.259158611297607  -1.402367115020752  -2.284650564193726  2.427859067916870   
0.000068370769441   -1.236374497413635  -1.379396319389343  -2.869804382324219  3.012826204299927   
0.000068550689321   -1.208711266517639  -1.350890994071960  -3.445373058319092  3.587552785873413   
0.000068730609200   -1.176277875900269  -1.316948056221008  -4.009047985076904  4.149718284606934   
0.000068910529080   -1.139202475547791  -1.277686238288879  -4.558559417724609  4.697043418884277   
0.000069090448960   -1.097631335258484  -1.233245849609375  -5.091688156127930  5.227302551269531   
0.000069270368840   -1.051728487014771  -1.183788657188416  -5.606274127960205  5.738334178924561   
0.000069450288720   -1.001675009727478  -1.129496455192566  -6.100223541259766  6.228044986724854   
0.000069630208600   -0.947668671607971  -1.070570945739746  -6.571518898010254  6.694421291351318   
0.000069810128480   -0.889922320842743  -1.007232904434204  -7.018226623535156  7.135537147521973   
0.000069990048360   -0.828664064407349  -0.939721286296844  -7.438505649566650  7.549562931060791   
0.000070169968239   -0.764135539531708  -0.868292450904846  -7.830615043640137  7.934772014617920   
0.000070349888119   -0.696591436862946  -0.793219029903412  -8.192919731140137  8.289546966552734   
0.000070529807999   -0.626298248767853  -0.714788973331451  -8.523899078369141  8.612389564514160   
0.000070709727879   -0.553533494472504  -0.633304357528687  -8.822153091430664  8.901924133300781   
0.000070889647759   -0.478584259748459  -0.549080431461334  -9.086406707763672  9.156903266906738   
0.000071069567639   -0.401746332645416  -0.462444007396698  -9.315516471862793  9.376214027404785   
0.000071249487519   -0.323322981595993  -0.373732626438141  -9.508476257324219  9.558885574340820   
0.000071429407399   -0.243623629212379  -0.283292889595032  -9.664420127868652  9.704089164733887   
0.000071609327279   -0.162962853908539  -0.191479384899139  -9.782628059387207  9.811144828796387   
0.000071789247158   -0.081658974289894  -0.098652988672256  -9.862524986267090  9.879519462585449   
0.000071969167038   -0.000032821226341  -0.005179686471820  -9.903688430786133  9.908835411071777   
0.000072149086918   0.081593461334705   0.088570997118950   -9.905850410461426  9.898873329162598   
0.000072329006798   0.162897735834122   0.182227417826653   -9.868893623352051  9.849563598632812   
0.000072508926678   0.243559151887894   0.275417327880859   -9.792856216430664  9.760997772216797   
0.000072688846558   0.323259383440018   0.367769271135330   -9.677934646606445  9.633424758911133   
0.000072868766438   0.401683926582336   0.458914220333099   -9.524478912353516  9.467248916625977   
0.000073048686318   0.478523224592209   0.548486948013306   -9.332991600036621  9.263028144836426   
0.000073228606198   0.553474128246307   0.636127412319183   -9.104129791259766  9.021476745605469   
0.000073408526077   0.626240730285645   0.721482515335083   -8.838698387145996  8.743456840515137   
0.000073588445957   0.696536004543304   0.804207146167755   -8.537651062011719  8.429980278015137   
0.000073768365837   0.764082431793213   0.883965909481049   -8.202086448669434  8.082202911376953   
0.000073948285717   0.828613460063934   0.960434257984161   -7.833241939544678  7.701421260833740   
0.000074128205597   0.889874517917633   1.033299922943115   -7.432489395141602  7.289063930511475   
0.000074308125477   0.947623729705811   1.102264165878296   -7.001333236694336  6.846693038940430   
0.000074488045357   1.001633167266846   1.167042851448059   -6.541401386260986  6.375991821289062   
0.000074667965237   1.051689863204956   1.227368235588074   -6.054439067840576  5.878760814666748   
0.000074847885116   1.097596168518066   1.282989025115967   -5.542305946350098  5.356913089752197   
0.000075027804996   1.139170885086060   1.333672523498535   -5.006964206695557  4.812462806701660   
0.000075207724876   1.176249980926514   1.379204750061035   -4.450474262237549  4.247519493103027   
0.000075387644756   1.208687067031860   1.419391870498657   -3.874985218048096  3.664280414581299   
0.000075567564636   1.236354231834412   1.454060792922974   -3.282727956771851  3.065021514892578   
0.000075747484516   1.259142279624939   1.483059883117676   -2.676004409790039  2.452086925506592   
0.000075927404396   1.276961207389832   1.506259918212891   -2.057180881500244  1.827882170677185   
0.000076107324276   1.289740681648254   1.523554086685181   -1.428676605224609  1.194863200187683   
0.000076287244156   1.297430396080017   1.534859180450439   -0.792956292629242  0.555527508258820   
0.000076467164035   1.299999952316284   1.540115237236023   -0.152518898248672  -0.087596386671066  
0.000076647083915   1.297439098358154   1.539286375045776   0.490111708641052   -0.731958985328674  
0.000076827003795   1.289758086204529   1.532361030578613   1.132396459579468   -1.374999403953552  
0.000077006923675   1.276987195014954   1.519351840019226   1.771791577339172   -2.014156341552734  
0.000077186843555   1.259176731109619   1.500295281410217   2.405758380889893   -2.646876811981201  
0.000077366763435   1.236397147178650   1.475252389907837   3.031773567199707   -3.270628929138184  
0.000077546683315   1.208738088607788   1.444307923316956   3.647339582443237   -3.882909297943115  
0.000077726603195   1.176308989524841   1.407570362091064   4.249993801116943   -4.481255054473877  
0.000077906523074   1.139237642288208   1.365171790122986   4.837318420410156   -5.063252449035645  
0.000078086442954   1.097670435905457   1.317266702651978   5.406951427459717   -5.626547813415527  
0.000078266362834   1.051771402359009   1.264032125473022   5.956596374511719   -6.168857097625732  
0.000078446282714   1.001721620559692   1.205666542053223   6.484028339385986   -6.687973022460938  
0.000078626202594   0.947718679904938   1.142389535903931   6.987106323242188   -7.181777000427246  
0.000078806122474   0.889975607395172   1.074440360069275   7.463781356811523   -7.648246288299561  
0.000078986042354   0.828720331192017   1.002077817916870   7.912103652954102   -8.085460662841797  
0.000079165962234   0.764194607734680   0.925578653812408   8.330231666564941   -8.491615295410156  
0.000079345882114   0.696653127670288   0.845236718654633   8.716440200805664   -8.865023612976074  
0.000079525801993   0.626362264156342   0.761361956596375   9.069125175476074   -9.204124450683594  
0.000079705721873   0.553599596023560   0.674278736114502   9.386811256408691   -9.507490158081055  
0.000079885641753   0.478652179241180   0.584325313568115   9.668161392211914   -9.773834228515625  
0.000080065561633   0.401815831661224   0.491851925849915   9.911977767944336   -10.002014160156250 
0.000080245481513   0.323393732309341   0.397219628095627   10.117208480834961  -10.191034317016602 
0.000080425401393   0.243695393204689   0.300798982381821   10.282952308654785  -10.340055465698242 
0.000080605321273   0.163035333156586   0.202968388795853   10.408463478088379  -10.448396682739258 
0.000080785241153   0.081731878221035   0.104112744331360   10.493155479431152  -10.515536308288574 
0.000080965161033   0.000105876839370   0.004621866159141   10.536597251892090  -10.541112899780273 
0.000081145080912   -0.081520542502403  -0.095110997557640  10.538525581359863  -10.524934768676758 
0.000081325000792   -0.162825256586075  -0.194690793752670  10.498839378356934  -10.466974258422852 
0.000081504920672   -0.243487387895584  -0.293722212314606  10.417602539062500  -10.367367744445801 
0.000081684840552   -0.323188632726669  -0.391811251640320  10.295043945312500  -10.226421356201172 
0.000081864760432   -0.401614427566528  -0.488566726446152  10.131555557250977  -10.044603347778320 
0.000082044680312   -0.478455305099487  -0.583601951599121  9.927695274353027   -9.822548866271973  
0.000082224600192   -0.553408026695251  -0.676536262035370  9.684181213378906   -9.561053276062012  
0.000082404520072   -0.626176714897156  -0.766996443271637  9.401888847351074   -9.261069297790527  
0.000082584439951   -0.696474313735962  -0.854618430137634  9.081851005554199   -8.923707008361816  
0.000082764359831   -0.764023303985596  -0.939048469066620  8.725252151489258   -8.550227165222168  
0.000082944279711   -0.828557193279266  -1.019944906234741  8.333423614501953   -8.142035484313965  
0.000083124199591   -0.889821231365204  -1.096979379653931  7.907839775085449   -7.700681686401367  
0.000083304119471   -0.947573721408844  -1.169838070869446  7.450112819671631   -7.227848529815674  
0.000083484039351   -1.001586675643921  -1.238223075866699  6.961984157562256   -6.725347518920898  
0.000083663959231   -1.051646947860718  -1.301853775978088  6.445321559906006   -6.195114612579346  
0.000083843879111   -1.097556948661804  -1.360467791557312  5.902108192443848   -5.639197349548340  
0.000084023798991   -1.139135718345642  -1.413822054862976  5.334437370300293   -5.059751033782959  
0.000084203718870   -1.176218867301941  -1.461694002151489  4.744503974914551   -4.459028720855713  
0.000084383638750   -1.208660244941711  -1.503882288932800  4.134595870971680   -3.839373826980591  
0.000084563558630   -1.236331701278687  -1.540207982063293  3.507083654403687   -3.203207492828369  
0.000084743478510   -1.259124040603638  -1.570514559745789  2.864414453506470   -2.553023815155029  
0.000084923398390   -1.276947498321533  -1.594669580459595  2.209099531173706   -1.891377449035645  
0.000085103318270   -1.289731621742249  -1.612564444541931  1.543705582618713   -1.220872759819031  
0.000085283238150   -1.297425866127014  -1.624115586280823  0.870844721794128   -0.544155001640320  
0.000085463158030   -1.299999952316284  -1.629264116287231  0.193164020776749   0.136100143194199   
0.000085643077909   -1.297443747520447  -1.627976417541504  -0.486664950847626  0.817197620868683   
0.000085822997789   -1.289767265319824  -1.620244622230530  -1.165956616401672  1.496433973312378   
0.000086002917669   -1.277000904083252  -1.606086254119873  -1.842022061347961  2.171107292175293   
0.000086182837549   -1.259194970130920  -1.585544705390930  -2.512179851531982  2.838529586791992   
0.000086362757429   -1.236419677734375  -1.558688521385193  -3.173766374588013  3.496035099029541   
0.000086542677309   -1.208765029907227  -1.525611400604248  -3.824146986007690  4.140993118286133   
0.000086722597189   -1.176340103149414  -1.486432194709778  -4.460725784301758  4.770817756652832   
0.000086902517069   -1.139272928237915  -1.441293835639954  -5.080955982208252  5.382977008819580   
0.000087082436949   -1.097709655761719  -1.390363812446594  -5.682352066040039  5.975006103515625   
0.000087262356828   -1.051814317703247  -1.333832383155823  -6.262496948242188  6.544515132904053   
0.000087442276708   -1.001768231391907  -1.271912693977356  -6.819053649902344  7.089198112487793   
0.000087622196588   -0.947768688201904  -1.204839468002319  -7.349773406982422  7.606843948364258   
0.000087802116468   -0.890028834342957  -1.132868647575378  -7.852506160736084  8.095346450805664   
0.000087982036348   -0.828776657581329  -1.056275963783264  -8.325208663940430  8.552707672119141   
0.000088161956228   -0.764253735542297  -0.975356101989746  -8.765952110290527  8.977054595947266   
0.000088341876108   -0.696714758872986  -0.890421271324158  -9.172929763793945  9.366636276245117   
0.000088521795988   -0.626426279544830  -0.801800549030304  -9.544468879699707  9.719842910766602   
0.000088701715868   -0.553665697574615  -0.709837973117828  -9.879028320312500  10.035200119018555  
0.000088881635747   -0.478720098733902  -0.614891767501831  -10.175215721130371 10.311387062072754  
0.000089061555627   -0.401885300874710  -0.517332375049591  -10.431786537170410 10.547233581542969  
0.000089241475507   -0.323464483022690  -0.417541593313217  -10.647648811340332 10.741725921630859  
0.000089421395387   -0.243767157196999  -0.315910667181015  -10.821873664855957 10.894017219543457  
0.000089601315267   -0.163107812404633  -0.212838888168335  -10.953689575195312 11.003420829772949  
0.000089781235147   -0.081804789602757  -0.108731985092163  -11.042498588562012 11.069425582885742  
0.000089961155027   -0.000178932459676  -0.004000576213002  -11.087868690490723 11.091690063476562  
0.000090141074907   0.081447631120682   0.100941479206085   -11.089537620544434 11.070043563842773  
0.000090320994786   0.162752777338028   0.205678731203079   -11.047419548034668 11.004493713378906  
0.000090500914666   0.243415623903275   0.309795767068863   -10.961598396301270 10.895217895507812  
0.000090680834546   0.323117852210999   0.412878960371017   -10.832332611083984 10.742571830749512  
0.000090860754426   0.401544958353043   0.514517903327942   -10.660054206848145 10.547080993652344  
0.000091040674306   0.478387385606766   0.614307165145874   -10.445365905761719 10.309446334838867  
0.000091220594186   0.553341925144196   0.711848139762878   -10.189038276672363 10.030531883239746  
0.000091400514066   0.626112699508667   0.806750237941742   -9.892011642456055  9.711374282836914   
0.000091580433946   0.696412622928619   0.898632645606995   -9.555386543273926  9.353166580200195   
0.000091760353826   0.763964235782623   0.987125992774963   -9.180421829223633  8.957260131835938   
0.000091940273705   0.828500866889954   1.071873426437378   -8.768532752990723  8.525159835815430   
0.000092120193585   0.889768004417419   1.152532696723938   -8.321281433105469  8.058516502380371   
0.000092300113465   0.947523653507233   1.228776931762695   -7.840373992919922  7.559120655059814   
0.000092480033345   1.001540064811707   1.300296187400818   -7.327652931213379  7.028896808624268   
0.000092659953225   1.051604032516479   1.366798877716064   -6.785089492797852  6.469894409179688   
0.000092839873105   1.097517848014832   1.428012609481812   -6.214777469635010  5.884282588958740   
0.000093019792985   1.139100432395935   1.483685612678528   -5.618923187255859  5.274337768554688   
0.000093199712865   1.176187753677368   1.533587932586670   -4.999838352203369  4.642437934875488   
0.000093379632744   1.208633303642273   1.577511548995972   -4.359931468963623  3.991053104400635   
0.000093559552624   1.236309051513672   1.615272164344788   -3.701696634292603  3.322733402252197   
0.000093739472504   1.259105920791626   1.646709561347961   -3.027705907821655  2.640102386474609   
0.000093919392384   1.276933789253235   1.671688556671143   -2.340597391128540  1.945842623710632   
0.000094099312264   1.289722442626953   1.690098762512207   -1.643066406250000  1.242690086364746   
0.000094279232144   1.297421216964722   1.701856255531311   -0.937853455543518  0.533418416976929   
0.000094459152024   1.299999952316284   1.706902980804443   -0.227734640240669  -0.179168388247490  
0.000094639071904   1.297448277473450   1.705207824707031   0.484490066766739   -0.892249584197998  
0.000094818991784   1.289776444435120   1.696766018867493   1.196007490158081   -1.602997064590454  
0.000094998911663   1.277014613151550   1.681599378585815   1.904002308845520   -2.308587074279785  
0.000095178831543   1.259213089942932   1.659757137298584   2.605669021606445   -3.006213188171387  
0.000095358751423   1.236442208290100   1.631314396858215   3.298221588134766   -3.693093776702881  
0.000095538671303   1.208791971206665   1.596372961997986   3.978906154632568   -4.366487026214600  
0.000095718591183   1.176371216773987   1.555060267448425   4.645010471343994   -5.023699760437012  
0.000095898511063   1.139308094978333   1.507529377937317   5.293877601623535   -5.662098884582520  
0.000096078430943   1.097748756408691   1.453958392143250   5.922911167144775   -6.279120922088623  
0.000096258350823   1.051857233047485   1.394549608230591   6.529591560363770   -6.872283935546875  
0.000096438270702   1.001814723014832   1.329528689384460   7.111483573913574   -7.439197540283203  
0.000096618190582   0.947818636894226   1.259144067764282   7.666244983673096   -7.977570533752441  
0.000096798110462   0.890082120895386   1.183665633201599   8.191637039184570   -8.485220909118652  
0.000096978030342   0.828832924365997   1.103384375572205   8.685534477233887   -8.960085868835449  
0.000097157950222   0.764312803745270   1.018610119819641   9.145934104919434   -9.400231361389160  
0.000097337870102   0.696776449680328   0.929671466350555   9.570960998535156   -9.803855895996094  
0.000097517789982   0.626490294933319   0.836914002895355   9.958876609802246   -10.169300079345703 
0.000097697709862   0.553731799125671   0.740698933601379   10.308088302612305  -10.495055198669434 
0.000097877629742   0.478788048028946   0.641401827335358   10.617154121398926  -10.779767990112305 
0.000098057549621   0.401954770088196   0.539410948753357   10.884786605834961  -11.022242546081543 
0.000098237469501   0.323535233736038   0.435125976800919   11.109861373901367  -11.221451759338379 
0.000098417389381   0.243838921189308   0.328956186771393   11.291422843933105  -11.376540184020996 
0.000098597309261   0.163180291652679   0.221319064497948   11.428683280944824  -11.486822128295898 
0.000098777229141   0.081877700984478   0.112638548016548   11.521031379699707  -11.551792144775391 
0.000098957149021   0.000251988065429   0.003343323478475   11.568032264709473  -11.571123123168945 
0.000099137068901   -0.081374719738960  -0.106134809553623  11.569427490234375  -11.544667243957520 
0.000099316988781   -0.162680298089981  -0.215362638235092  11.525141716003418  -11.472459793090820 
0.000099496908661   -0.243343859910965  -0.323907256126404  11.435278892517090  -11.354715347290039 
0.000099676828540   -0.323047101497650  -0.431337922811508  11.300125122070312  -11.191834449768066 
0.000099856748420   -0.401475459337234  -0.537227451801300  11.120144844055176  -10.984393119812012 
0.000100036668300   -0.478319436311722  -0.641154348850250  10.895980834960938  -10.733145713806152 
0.000100216588180   -0.553275763988495  -0.742704093456268  10.628451347351074  -10.439023017883301 
0.000100396508060   -0.626048684120178  -0.841471076011658  10.318549156188965  -10.103126525878906 
0.000100576427940   -0.696350932121277  -0.937059998512268  9.967435836791992   -9.726726531982422  
0.000100756347820   -0.763905107975006  -1.029087662696838  9.576436042785645   -9.311253547668457  
0.000100936267700   -0.828444600105286  -1.117184400558472  9.147037506103516   -8.858297348022461  
0.000101116187579   -0.889714717864990  -1.200995683670044  8.680879592895508   -8.369598388671875  
0.000101296107459   -0.947473645210266  -1.280183076858521  8.179750442504883   -7.847041130065918  
0.000101476027339   -1.001493453979492  -1.354426503181458  7.645579814910889   -7.292646884918213  
0.000101655947219   -1.051560997962952  -1.423424482345581  7.080430030822754   -6.708566665649414  
0.000101835867099   -1.097478747367859  -1.486896395683289  6.486490249633789   -6.097072601318359  
0.000102015786979   -1.139065265655518  -1.544582724571228  5.866065979003906   -5.460548400878906  
0.000102195706859   -1.176156640052795  -1.596246719360352  5.221570968627930   -4.801480770111084  
0.000102375626739   -1.208606362342834  -1.641674995422363  4.555518627166748   -4.122449874877930  
0.000102555546619   -1.236286520957947  -1.680678844451904  3.870511054992676   -3.426118850708008  
0.000102735466498   -1.259087681770325  -1.713094472885132  3.169228792190552   -2.715221881866455  
0.000102915386378   -1.276920080184937  -1.738784074783325  2.454420566558838   -1.992556571960449  
0.000103095306258   -1.289713263511658  -1.757636308670044  1.728893160820007   -1.260970115661621  
0.000103275226138   -1.297416687011719  -1.769566774368286  0.995499372482300   -0.523349285125732  
0.000103455146018   -1.299999952316284  -1.774518370628357  0.257127523422241   0.217390894889832   
0.000103635065898   -1.297452926635742  -1.772461652755737  -0.483310461044312  0.958319187164307   
0.000103814985778   -1.289785504341125  -1.763394713401794  -1.222890257835388  1.696499466896057   
0.000103994905658   -1.277028203010559  -1.747343540191650  -1.958686828613281  2.429002285003662   
0.000104174825537   -1.259231209754944  -1.724362015724182  -2.687785863876343  3.152916669845581   
0.000104354745417   -1.236464858055115  -1.694531321525574  -3.407295465469360  3.865361928939819   
0.000104534665297   -1.208818793296814  -1.657959818840027  -4.114357948303223  4.563498973846436   
0.000104714585177   -1.176402330398560  -1.614783167839050  -4.806160449981689  5.244541168212891   
0.000104894505057   -1.139343261718750  -1.565162897109985  -5.479947090148926  5.905766487121582   
0.000105074424937   -1.097787857055664  -1.509286522865295  -6.133028984069824  6.544527530670166   
0.000105254344817   -1.051900148391724  -1.447366714477539  -6.762795925140381  7.158262252807617   
0.000105434264697   -1.001861333847046  -1.379640102386475  -7.366725921630859  7.744504928588867   
0.000105614184577   -0.947868645191193  -1.306366682052612  -7.942396640777588  8.300894737243652   
0.000105794104456   -0.890135347843170  -1.227829217910767  -8.487492561340332  8.825186729431152   
0.000105974024336   -0.828889191150665  -1.144331336021423  -8.999818801879883  9.315260887145996   
0.000106153944216   -0.764371931552887  -1.056196689605713  -9.477303504943848  9.769127845764160   
0.000106333864096   -0.696838140487671  -0.963767826557159  -9.918012619018555  10.184942245483398  
0.000106513783976   -0.626554310321808  -0.867404818534851  -10.320156097412109 10.561006546020508  
0.000106693703856   -0.553797900676727  -0.767483711242676  -10.682090759277344 10.895776748657227  
0.000106873623736   -0.478855967521667  -0.664395272731781  -11.002332687377930 11.187871932983398  
0.000107053543616   -0.402024239301682  -0.558543205261230  -11.279558181762695 11.436077117919922  
0.000107233463496   -0.323606014251709  -0.450342833995819  -11.512616157531738 11.639352798461914  
0.000107413383375   -0.243910670280457  -0.340219140052795  -11.700527191162109 11.796835899353027  
0.000107593303255   -0.163252770900726  -0.228605479001999  -11.842486381530762 11.907838821411133  
0.000107773223135   -0.081950612366199  -0.115941576659679  -11.937874794006348 11.971865653991699  
0.000107953143015   -0.000325043685734  -0.002671897877008  -11.986252784729004 11.988599777221680  
