t                   Vd                  VR                  VC                  VL                  
0.001349922618829   -0.025280818343163  -0.005639766808599  -0.006899049505591  0.256728798151016   
0.001350172562525   0.056362926959991   -0.005570578388870  -0.010168857872486  0.338267296552658   
0.001350422506221   0.137784332036972   -0.005479415412992  -0.013398553244770  0.418471425771713   
0.001350672449917   0.218662202358246   -0.005366637371480  -0.016575394198298  0.497024774551392   
0.001350922393613   0.298677504062653   -0.005232689436525  -0.019686849787831  0.573617458343506   
0.001351172337309   0.377514600753784   -0.005078099202365  -0.022720644250512  0.647947371006012   
0.001351422281004   0.454862505197525   -0.004903477616608  -0.025664810091257  0.719721317291260   
0.001351672224700   0.530416071414948   -0.004709512460977  -0.028507735580206  0.788656115531921   
0.001351922168396   0.603877246379852   -0.004496969748288  -0.031238205730915  0.854479789733887   
0.001352172112092   0.674956262111664   -0.004266687668860  -0.033845447003841  0.916932821273804   
0.001352422055788   0.743372797966003   -0.004019574262202  -0.036319177597761  0.975768804550171   
0.001352671999484   0.808856844902039   -0.003756604623049  -0.038649633526802  1.030755519866943   
0.001352921943180   0.871150135993958   -0.003478816011921  -0.040827628225088  1.081676125526428   
0.001353171886876   0.930006980895996   -0.003187304362655  -0.042844563722610  1.128329753875732   
0.001353421830572   0.985195159912109   -0.002883219392970  -0.044692490249872  1.170532464981079   
0.001353671774268   1.036496996879578   -0.002567761112005  -0.046364117413759  1.208117723464966   
0.001353921717964   1.083709955215454   -0.002242173068225  -0.047852847725153  1.240937113761902   
0.001354171661660   1.126648068428040   -0.001907740486786  -0.049152813851833  1.268861413002014   
0.001354421605356   1.165141820907593   -0.001565782353282  -0.050258874893188  1.291780352592468   
0.001354671549052   1.199039340019226   -0.001217647572048  -0.051166683435440  1.309603452682495   
0.001354921492748   1.228206872940063   -0.000864709436428  -0.051872644573450  1.322260379791260   
0.001355171436444   1.252529501914978   -0.000508360273670  -0.052373986691236  1.329701542854309   
0.001355421380140   1.271911144256592   -0.000150005711475  -0.052668720483780  1.331897139549255   
0.001355671323836   1.286275386810303   0.000208940560697   -0.052755691111088  1.328838825225830   
0.001355921267532   1.295565605163574   0.000567062641494   -0.052634548395872  1.320538640022278   
0.001356171211228   1.299745082855225   0.000922947830986   -0.052305780351162  1.307029008865356   
0.001356421154924   1.298797369003296   0.001275192131288   -0.051770675927401  1.288363575935364   
0.001356671098620   1.292726278305054   0.001622406183742   -0.051031347364187  1.264615893363953   
0.001356921042316   1.281555652618408   0.001963220303878   -0.050090711563826  1.235879421234131   
0.001357170986012   1.265329480171204   0.002296289661899   -0.048952482640743  1.202267765998840   
0.001357420929708   1.244112014770508   0.002620300743729   -0.047621145844460  1.163913607597351   
0.001357670873404   1.217986822128296   0.002933975541964   -0.046101953834295  1.120967984199524   
0.001357920817100   1.187056899070740   0.003236076328903   -0.044400900602341  1.073600411415100   
0.001358170760795   1.151444315910339   0.003525411710143   -0.042524699121714  1.021997690200806   
0.001358420704491   1.111289501190186   0.003800840117037   -0.040480744093657  0.966363430023193   
0.001358670648187   1.066751003265381   0.004061275161803   -0.038277100771666  0.906917154788971   
0.001358920591883   1.018004417419434   0.004305689129978   -0.035922467708588  0.843893349170685   
0.001359170535579   0.965241968631744   0.004533118102700   -0.033426124602556  0.777540385723114   
0.001359420479275   0.908671915531158   0.004742665216327   -0.030797926709056  0.708120286464691   
0.001359670422971   0.848517358303070   0.004933503456414   -0.028048235923052  0.635906875133514   
0.001359920366667   0.785015583038330   0.005104880314320   -0.025187902152538  0.561184942722321   
0.001360170310363   0.718417108058929   0.005256120115519   -0.022228209301829  0.484249204397202   
0.001360420254059   0.648984670639038   0.005386625416577   -0.019180828705430  0.405403286218643   
0.001360670197755   0.576992094516754   0.005495881661773   -0.016057785600424  0.324958115816116   
0.001360920141451   0.502723455429077   0.005583458114415   -0.012871397659183  0.243231028318405   
0.001361170085147   0.426471680402756   0.005649008788168   -0.009634235873818  0.160544514656067   
0.001361420028843   0.348537594079971   0.005692275241017   -0.006359067745507  0.077224701642990   
0.001361669972539   0.269228577613831   0.005713087506592   -0.003058815607801  -0.006399780511856  
0.001361919916235   0.188857540488243   0.005711363162845   0.000253503269050   -0.089999035000801  
0.001362169859931   0.107741497457027   0.005687108729035   0.003564822254702   -0.173243254423141  
0.001362419803627   0.026200436055660   0.005640419665724   0.006862079259008   -0.255804032087326  
0.001362669747323   -0.055443976074457  0.005571480374783   0.010132267139852   -0.337355792522430  
0.001362919691019   -0.136869683861732  0.005480563268065   0.013362485915422   -0.417576700448990  
0.001363169634715   -0.217755466699600  0.005368026439101   0.016539990901947   -0.496150404214859  
0.001363419578411   -0.297782242298126  0.005234313663095   0.019652253016829   -0.572766900062561  
0.001363669522107   -0.376634359359741  0.005079952999949   0.022686988115311   -0.647123932838440  
0.001363919465803   -0.454000711441040  0.004905553068966   0.025632230564952   -0.718928217887878  
0.001364169409499   -0.529576182365417  0.004711802117527   0.028476359322667   -0.787896513938904  
0.001364419353195   -0.603062570095062  0.004499463830143   0.031208155676723   -0.853756785392761  
0.001364669296890   -0.674170017242432  0.004269375931472   0.033816844224930   -0.916249036788940  
0.001364919240586   -0.742618024349213  0.004022446926683   0.036292131990194   -0.975127100944519  
0.001365169184282   -0.808136582374573  0.003759650280699   0.038624256849289   -1.030158400535583  
0.001365419127978   -0.870467185974121  0.003482022555545   0.040804013609886   -1.081125974655151  
0.001365669071674   -0.929364085197449  0.003190658986568   0.042822811752558   -1.127828836441040  
0.001365919015370   -0.984594762325287  0.002886709058657   0.044672679156065   -1.170082569122314  
0.001366168959066   -1.035941481590271  0.002571371849626   0.046346329152584   -1.207720518112183  
0.001366418902762   -1.083201646804810  0.002245891140774   0.047837149351835   -1.240594387054443  
0.001366668846458   -1.126188874244690  0.001911550993100   0.049139268696308   -1.268574476242065  
0.001366918790154   -1.164733529090881  0.001569670159370   0.050247542560101   -1.291550397872925  
0.001367168733850   -1.198683619499207  0.001221597311087   0.051157601177692   -1.309431314468384  
0.001367418677546   -1.227905154228210  0.000868705625180   0.051865853369236   -1.322146892547607  
0.001367668621242   -1.252282857894897  0.000512387021445   0.052369508892298   -1.329646825790405  
0.001367918564938   -1.271720647811890  0.000154047214892   0.052666582167149   -1.331901669502258  
0.001368168508634   -1.286141753196716  -0.000204900279641  0.052755892276764   -1.328902602195740  
0.001368418452330   -1.295489311218262  -0.000563039560802  0.052637096494436   -1.320661067962646  
0.001368668396026   -1.299726605415344  -0.000918957695831  0.052310660481453   -1.307210087776184  
0.001368918339722   -1.298836588859558  -0.001271250774153  0.051777869462967   -1.288602232933044  
0.001369168283418   -1.292823076248169  -0.001618529087864  0.051040828227997   -1.264911293983459  
0.001369418227114   -1.281709671020508  -0.001959422603250  0.050102442502975   -1.236230611801147  
0.001369668170810   -1.265540242195129  -0.002292586723343  0.048966415226460   -1.202673196792603  
0.001369918114506   -1.244378447532654  -0.002616707002744  0.047637227922678   -1.164371490478516  
0.001370168058202   -1.218307971954346  -0.002930505201221  0.046120122075081   -1.121476650238037  
0.001370418001898   -1.187431573867798  -0.003232743125409  0.044421080499887   -1.074157834053040  
0.001370667945594   -1.151870965957642  -0.003522228682414  0.042546808719635   -1.022601723670959  
0.001370917889290   -1.111766457557678  -0.003797820070758  0.040504701435566   -0.967011630535126  
0.001371167832986   -1.067276358604431  -0.004058429505676  0.038302812725306   -0.907606959342957  
0.001371417776681   -1.018576145172119  -0.004303029272705  0.035949826240540   -0.844622135162354  
0.001371667720377   -0.965857863426208  -0.004530655220151  0.033455025404692   -0.778305292129517  
0.001371917664073   -0.909329473972321  -0.004740408621728  0.030828256160021   -0.708918273448944  
0.001372167607769   -0.849213957786560  -0.004931461997330  0.028079874813557   -0.636734724044800  
0.001372417551465   -0.785748541355133  -0.005103062372655  0.025220725685358   -0.562039434909821  
0.001372667495161   -0.719183504581451  -0.005254531744868  0.022262085229158   -0.485126972198486  
0.001372917438857   -0.649781465530396  -0.005385273136199  0.019215626642108   -0.406300872564316  
0.001373167382553   -0.577816188335419  -0.005494771059602  0.016093367710710   -0.325871944427490  
0.001373417326249   -0.503571569919586  -0.005582593847066  0.012907624244690   -0.244157552719116  
0.001373667269945   -0.427340477705002  -0.005648394115269  0.009670962579548   -0.161480039358139  
0.001373917213641   -0.349423617124557  -0.005691912956536  0.006396152079105   -0.078165471553802  
0.001374167157337   -0.270128369331360  -0.005712979007512  0.003096109488979   0.005457431077957   
0.001374417101033   -0.189767539501190  -0.005711507983506  -0.000216146276216  0.089058741927147   
0.001374667044729   -0.108658105134964  -0.005687506403774  -0.003527549328282  0.172308772802353   
0.001374916988425   -0.027120040729642  -0.005641069263220  -0.006825036834925  0.254879117012024   
0.001375166932121   0.054525002837181   -0.005572379566729  -0.010095600038767  0.336443960666656   
0.001375416875817   0.135954961180687   -0.005481707863510  -0.013326339423656  0.416681677103043   
0.001375666819513   0.216848596930504   -0.005369412247092  -0.016504509374499  0.495275646448135   
0.001375916763209   0.296886831521988   -0.005235935095698  -0.019617574289441  0.571915864944458   
0.001376166706905   0.375753909349442   -0.005081804003567  -0.022653250023723  0.646300017833710   
0.001376416650601   0.453138738870621   -0.004907626193017  -0.025599565356970  0.718134701251984   
0.001376666594297   0.528735995292664   -0.004714088980108  -0.028444895520806  0.787136435508728   
0.001376916537993   0.602247595787048   -0.004501955583692  -0.031178018078208  0.853033185005188   
0.001377166481689   0.673383414745331   -0.004272062797099  -0.033788148313761  0.915564894676208   
0.001377416425385   0.741862893104553   -0.004025318194181  -0.036264993250370  0.974484920501709   
0.001377666369081   0.807415902614594   -0.003762694541365  -0.038598783314228  1.029560804367065   
0.001377916312777   0.869783818721771   -0.003485227935016  -0.040780309587717  1.080575227737427   
0.001378166256472   0.928720653057098   -0.003194012911990  -0.042800966650248  1.127327084541321   
0.001378416200168   0.983993947505951   -0.002890198258683  -0.044652782380581  1.169631958007812   
0.001378666143864   1.035385608673096   -0.002574982354417  -0.046328455209732  1.207322955131531   
0.001378916087560   1.082692861557007   -0.002249608747661  -0.047821372747421  1.240251302719116   
0.001379166031256   1.125729203224182   -0.001915361033753  -0.049125645309687  1.268287062644958   
0.001379415974952   1.164324760437012   -0.001573557616211  -0.050236128270626  1.291319727897644   
0.001379665918648   1.198327302932739   -0.001225546933711  -0.051148440688848  1.309258460998535   
0.001379915862344   1.227602839469910   -0.000872701755725  -0.051858983933926  1.322032690048218   
0.001380165806040   1.252035617828369   -0.000516413943842  -0.052364956587553  1.329591512680054   
0.001380415749736   1.271529555320740   -0.000158089038450  -0.052664361894131  1.331905603408813   
0.001380665693432   1.286007523536682   0.000200859547476   -0.052756018936634  1.328965544700623   
0.001380915637128   1.295412421226501   0.000559015781619   -0.052639566361904  1.320783019065857   
0.001381165580824   1.299707412719727   0.000914966803975   -0.052315466105938  1.307390332221985   
0.001381415524520   1.298875212669373   0.001267308485694   -0.051784984767437  1.288840293884277   
0.001381665468216   1.292919278144836   0.001614650944248   -0.051050230860710  1.265205979347229   
0.001381915411912   1.281863093376160   0.001955623971298   -0.050114091485739  1.236580848693848   
0.001382165355608   1.265750288963318   0.002288882620633   -0.048980262130499  1.203077673912048   
0.001382415299304   1.244644403457642   0.002613112097606   -0.047653220593929  1.164828777313232   
0.001382665243000   1.218628644943237   0.002927033463493   -0.046138197183609  1.121984720230103   
0.001382915186696   1.187805652618408   0.003229408292100   -0.044441167265177  1.074714779853821   
0.001383165130392   1.152297019958496   0.003519043792039   -0.042568828910589  1.023205161094666   
0.001383415074088   1.112242937088013   0.003794797463343   -0.040528569370508  0.967659413814545   
0.001383665017784   1.067801356315613   0.004055581986904   -0.038328431546688  0.908296525478363   
0.001383914961480   1.019147396087646   0.004300367552787   -0.035977099090815  0.845350503921509   
0.001384164905176   0.966473221778870   0.004528189543635   -0.033483844250441  0.779069781303406   
0.001384414848872   0.909986555576324   0.004738148767501   -0.030858501791954  0.709715843200684   
0.001384664792567   0.849910199642181   0.004929416812956   -0.028111429885030  0.637562274932861   
0.001384914736263   0.786481082439423   0.005101240240037   -0.025253467261791  0.562893569469452   
0.001385164679959   0.719949543476105   0.005252940114588   -0.022295882925391  0.486004471778870   
0.001385414623655   0.650577962398529   0.005383918061852   -0.019250348210335  0.407198160886765   
0.001385664567351   0.578639984130859   0.005493658129126   -0.016128873452544  0.326785564422607   
0.001385914511047   0.504419445991516   0.005581726785749   -0.012943774461746  0.245083838701248   
0.001386164454743   0.428209066390991   0.005647777114064   -0.009707615710795  0.162415385246277   
0.001386414398439   0.350309491157532   0.005691547878087   -0.006433162372559  0.079106181859970   
0.001386664342135   0.271028041839600   0.005712866783142   -0.003133331658319  -0.004515051841736  
0.001386914285831   0.190677434206009   0.005711650475860   0.000178859205334   -0.088118508458138  
0.001387164229527   0.109574653208256   0.005687902215868   0.003490344621241   -0.171374320983887  
0.001387414173223   0.028039632365108   0.005641716998070   0.006788061931729   -0.253954142332077  
0.001387664116919   -0.053605999797583  0.005573275964707   0.010059001855552   -0.335532128810883  
0.001387914060615   -0.135040163993835  0.005482850130647   0.013290261849761   -0.415786504745483  
0.001388164004311   -0.215941637754440  0.005370795726776   0.016469093039632   -0.494400769472122  
0.001388413948007   -0.295991271734238  0.005237554199994   0.019582958891988   -0.571064710617065  
0.001388663891703   -0.374873280525208  0.005083652678877   0.022619575262070   -0.645475924015045  
0.001388913835399   -0.452276498079300  0.004909696988761   0.025566961616278   -0.717340886592865  
0.001389163779095   -0.527895569801331  0.004716373514384   0.028413493186235   -0.786376059055328  
0.001389413722791   -0.601432263851166  0.004504445008934   0.031147940084338   -0.852309226989746  
0.001389663666487   -0.672596454620361  0.004274747800082   0.033759515732527   -0.914880275726318  
0.001389913610183   -0.741107344627380  0.004028187599033   0.036237917840481   -0.973842203617096  
0.001390163553879   -0.806694805622101  0.003765736939386   0.038573373109102   -1.028962612152100  
0.001390413497575   -0.869100034236908  0.003488431684673   0.040756661444902   -1.080024123191833  
0.001390663441271   -0.928076803684235  0.003197365207598   0.042779173702002   -1.126824975013733  
0.001390913384967   -0.983392596244812  0.002893685828894   0.044632934033871   -1.169180870056152  
0.001391163328663   -1.034829139709473  0.002578591695055   0.046310629695654   -1.206924796104431  
0.001391413272358   -1.082183480262756  0.002253325423226   0.047805640846491   -1.239907503128052  
0.001391663216054   -1.125268816947937  0.001919170259498   0.049112066626549   -1.267998933792114  
0.001391913159750   -1.163915276527405  0.001577444490977   0.050224758684635   -1.291088581085205  
0.001392163103446   -1.197970390319824  0.001229496090673   0.051139324903488   -1.309085130691528  
0.001392413047142   -1.227299809455872  0.000876697653439   0.051852159202099   -1.321917653083801  
0.001392662990838   -1.251787781715393  0.000520440808032   0.052360448986292   -1.329535603523254  
0.001392912934534   -1.271337747573853  0.000162130934768   0.052662186324596   -1.331908702850342  
0.001393162878230   -1.285872578620911  -0.000196818466065  0.052756190299988   -1.329027891159058  
0.001393412821926   -1.295334935188293  -0.000554991478566  0.052642077207565   -1.320904254913330  
0.001393662765622   -1.299687504768372  -0.000910975097213  0.052320308983326   -1.307570099830627  
0.001393912709318   -1.298913121223450  -0.001263365265913  0.051792144775391   -1.289077639579773  
0.001394162653014   -1.293014883995056  -0.001610771752894  0.051059678196907   -1.265500426292419  
0.001394412596710   -1.282015919685364  -0.001951824058779  0.050125788897276   -1.236930847167969  
0.001394662540406   -1.265959739685059  -0.002285176888108  0.048994164913893   -1.203481912612915  
0.001394912484102   -1.244909644126892  -0.002609515329823  0.047669269144535   -1.165285468101501  
0.001395162427798   -1.218948602676392  -0.002923559630290  0.046156328171492   -1.122492194175720  
0.001395412371494   -1.188179135322571  -0.003226071363315  0.044461313635111   -1.075271129608154  
0.001395662315190   -1.152722597122192  -0.003515856806189  0.042590908706188   -1.023808240890503  
0.001395912258886   -1.112718820571899  -0.003791773226112  0.040552496910095   -0.968306779861450  
0.001396162202582   -1.068325638771057  -0.004052731674165  0.038354109972715   -0.908985555171967  
0.001396412146278   -1.019718170166016  -0.004297703504562  0.036004427820444   -0.846078515052795  
0.001396662089974   -0.967088162899017  -0.004525721538812  0.033512715250254   -0.779834032058716  
0.001396912033670   -0.910643219947815  -0.004735886584967  0.030888807028532   -0.710513174533844  
0.001397161977366   -0.850605964660645  -0.004927370231599  0.028143048286438   -0.638389468193054  
0.001397411921062   -0.787213265895844  -0.005099415779114  0.025286270305514   -0.563747525215149  
0.001397661864758   -0.720715224742889  -0.005251345690340  0.022329743951559   -0.486881762742996  
0.001397911808454   -0.651374161243439  -0.005382560193539  0.019285133108497   -0.408095389604568  
0.001398161752149   -0.579463541507721  -0.005492541939020  0.016164446249604   -0.327699095010757  
0.001398411695845   -0.505267024040222  -0.005580856930465  0.012979994527996   -0.246010094881058  
0.001398661639541   -0.429077416658401  -0.005647156387568  0.009744340553880   -0.163350731134415  
0.001398911583237   -0.351195186376572  -0.005691179074347  0.006470247637480   -0.080046921968460  
0.001399161526933   -0.271927535533905  -0.005712751764804  0.003170630428940   0.003572642803192   
0.001399411470629   -0.191587239503860  -0.005711789242923  -0.000141493525007  0.087178096175194   
0.001399661414325   -0.110491156578064  -0.005688294302672  -0.003453059354797  0.170439675450325   
0.001399911358021   -0.028959210962057  -0.005642361007631  -0.006751003675163  0.253028899431229   
0.001400161301717   0.052686970680952   -0.005574169568717  -0.010022317059338  0.334619998931885   
0.001400411245413   0.134125307202339   -0.005483989603817  -0.013254093937576  0.414891064167023   
0.001400661189109   0.215034559369087   -0.005372176412493  -0.016433587297797  0.493525505065918   
0.001400911132805   0.295095562934875   -0.005239171441644  -0.019548254087567  0.570213198661804   
0.001401161076501   0.373992443084717   -0.005085499025881  -0.022585807368159  0.644651353359222   
0.001401411020197   0.451414048671722   -0.004911765456200  -0.025534264743328  0.716546654701233   
0.001401660963893   0.527054905891418   -0.004718656186014  -0.028381993994117  0.785615265369415   
0.001401910907589   0.600616693496704   -0.004506932571530  -0.031117763370275  0.851584792137146   
0.001402160851285   0.671809136867523   -0.004277430474758  -0.033730782568455  0.914195060729980   
0.001402410794981   0.740351498126984   -0.004031054675579  -0.036210738122463  0.973199009895325   
0.001402660738677   0.805973291397095   -0.003768777474761  -0.038547854870558  1.028363943099976   
0.001402910682373   0.868415772914886   -0.003491633571684  -0.040732905268669  1.079472303390503   
0.001403160626069   0.927432537078857   -0.003200715873390  -0.042757276445627  1.126322269439697   
0.001403410569765   0.982790768146515   -0.002897172002122  -0.044612981379032  1.168729186058044   
0.001403660513461   1.034272074699402   -0.002582199638709  -0.046292696148157  1.206525683403015   
0.001403910457157   1.081673502922058   -0.002257040934637  -0.047789797186852  1.239562869071960   
0.001404160400853   1.124807953834534   -0.001922978670336  -0.049098376184702  1.267710208892822   
0.001404410344549   1.163505315780640   -0.001581330783665  -0.050213273614645  1.290856599807739   
0.001404660288244   1.197612881660461   -0.001233444898389  -0.051130093634129  1.308910965919495   
0.001404910231940   1.226996183395386   -0.000880693376530  -0.051845215260983  1.321802020072937   
0.001405160175636   1.251539349555969   -0.000524467788637  -0.052355822175741  1.329478859901428   
0.001405410119332   1.271145343780518   -0.000166173238540  -0.052659898996353  1.331911206245422   
0.001405660063028   1.285737037658691   0.000192776831682   -0.052756238728762  1.329089522361755   
0.001405910006724   1.295256733894348   0.000550966477022   -0.052644472569227  1.321024775505066   
0.001406159950420   1.299667000770569   0.000906982691959   -0.052325036376715  1.307748913764954   
0.001406409894116   1.298950433731079   0.001259420998394   -0.051799189299345  1.289314389228821   
0.001406659837812   1.293109774589539   0.001606891164556   -0.051069006323814  1.265793800354004   
0.001406909781508   1.282168030738831   0.001948022632860   -0.050137367099524  1.237279891967773   
0.001407159725204   1.266168475151062   0.002281469525769   -0.049007948487997  1.203885197639465   
0.001407409668900   1.245174169540405   0.002605916699395   -0.047685205936432  1.165741443634033   
0.001407659612596   1.219267964363098   0.002920083934441   -0.046174351125956  1.122999191284180   
0.001407909556292   1.188552021980286   0.003222732106224   -0.044481351971626  1.075827002525330   
0.001408159499988   1.153147578239441   0.003512667492032   -0.042612887918949  1.024410843849182   
0.001408409443684   1.113194227218628   0.003788746427745   -0.040576323866844  0.968953669071198   
0.001408659387380   1.068849444389343   0.004049879498780   -0.038379695266485  0.909674048423767   
0.001408909331076   1.020288467407227   0.004295036662370   -0.036031667143106  0.846806228160858   
0.001409159274772   0.967702627182007   0.004523250740021   -0.033541500568390  0.780597686767578   
0.001409409218468   0.911299407482147   0.004733622074127   -0.030919020995498  0.711310029029846   
0.001409659162164   0.851301312446594   0.004925319924951   -0.028174573555589  0.639216423034668   
0.001409909105860   0.787945091724396   0.005097588989884   -0.025318983942270  0.564601182937622   
0.001410159049556   0.721480548381805   0.005249748937786   -0.022363517433405  0.487758785486221   
0.001410408993252   0.652170002460480   0.005381199996918   -0.019319832324982  0.408992290496826   
0.001410658936948   0.580286741256714   0.005491423420608   -0.016199933364987  0.328612387180328   
0.001410908880644   0.506114423274994   0.005579984746873   -0.013016130775213  0.246936172246933   
0.001411158824340   0.429945558309555   0.005646534264088   -0.009780982509255  0.164285838603973   
0.001411408768035   0.352080672979355   0.005690809339285   -0.006507249549031  0.080987483263016   
0.001411658711731   0.272826939821243   0.005712635349482   -0.003207847243175  -0.002630352973938  
0.001411908655427   0.192496940493584   0.005711926147342   0.000104209175333   -0.086237788200378  
0.001412158599123   0.111407592892647   0.005688684992492   0.003415854880586   -0.169505074620247  
0.001412408542819   0.029878772795200   0.005643003620207   0.006714025977999   -0.252103716135025  
0.001412658486515   -0.051767915487289  0.005575061775744   0.009985712356865   -0.333707869052887  
0.001412908430211   -0.133210390806198  0.005485127680004   0.013218007050455   -0.413995563983917  
0.001413158373907   -0.214127376675606  0.005373556166887   0.016398159787059   -0.492650210857391  
0.001413408317603   -0.294199675321579  0.005240786820650   0.019513625651598   -0.569361448287964  
0.001413658261299   -0.373111456632614  0.005087343975902   0.022552115842700   -0.643826663494110  
0.001413908204995   -0.450551360845566  0.004913832992315   0.025501642376184   -0.715752184391022  
0.001414158148691   -0.526213943958282  0.004720937460661   0.028350573033094   -0.784854173660278  
0.001414408092387   -0.599800765514374  0.004509419668466   0.031087664887309   -0.850860118865967  
0.001414658036083   -0.671021521091461  0.004280112683773   0.033702123910189   -0.913509607315063  
0.001414907979779   -0.739595234394073  0.004033922217786   0.036183636635542   -0.972555577754974  
0.001415157923475   -0.805251419544220  0.003771818475798   0.038522414863110   -1.027765035629272  
0.001415407867171   -0.867731094360352  0.003494835691527   0.040709227323532   -1.078920125961304  
0.001415657810867   -0.926787734031677  0.003204066772014   0.042735453695059   -1.125819087028503  
0.001415907754563   -0.982188403606415  0.002900658408180   0.044593099504709   -1.168277025222778  
0.001416157698259   -1.033714652061462  0.002585807815194   0.046274837106466   -1.206126451492310  
0.001416407641955   -1.081163048744202  0.002260756911710   0.047774028033018   -1.239217996597290  
0.001416657585651   -1.124346494674683  0.001926787546836   0.049084763973951   -1.267420887947083  
0.001416907529347   -1.163094758987427  0.001585217658430   0.050201874226332   -1.290624380111694  
0.001417157473043   -1.197254896163940  0.001237394404598   0.051120948046446   -1.308736562728882  
0.001417407416739   -1.226692080497742  0.000884689914528   0.051838360726833   -1.321686029434204  
0.001417657360435   -1.251290202140808  0.000528495525941   0.052351281046867   -1.329421758651733  
0.001417907304130   -1.270952343940735  0.000170216400875   0.052657689899206   -1.331913352012634  
0.001418157247826   -1.285600781440735  -0.000188734251424  0.052756380289793   -1.329150676727295  
0.001418407191522   -1.295177936553955  -0.000546940369532  0.052646957337856   -1.321144938468933  
0.001418657135218   -1.299645900726318  -0.000902988947928  0.052329853177071   -1.307927608489990  
0.001418907078914   -1.298987030982971  -0.001255475450307  0.051806323230267   -1.289550662040710  
0.001419157022610   -1.293203949928284  -0.001603009412065  0.051078427582979   -1.266086816787720  
0.001419406966306   -1.282319545745850  -0.001944219693542  0.050149042159319   -1.237628698348999  
0.001419656910002   -1.266376614570618  -0.002277760766447  0.049021828919649   -1.204288125038147  
0.001419906853698   -1.245438218116760  -0.002602316439152  0.047701235860586   -1.166197180747986  
0.001420156797394   -1.219586730003357  -0.002916606608778  0.046192470937967   -1.123505830764771  
0.001420406741090   -1.188924431800842  -0.003219391452149  0.044501490890980   -1.076382517814636  
0.001420656684786   -1.153571963310242  -0.003509476548061  0.042634956538677   -1.025012969970703  
0.001420906628482   -1.113668918609619  -0.003785717533901  0.040600243955851   -0.969600081443787  
0.001421156572178   -1.069372773170471  -0.004047024529427  0.038405373692513   -0.910362362861633  
0.001421406515874   -1.020858168601990  -0.004292367491871  0.036058999598026   -0.847533404827118  
0.001421656459570   -0.968316555023193  -0.004520777147263  0.033570382744074   -0.781361222267151  
0.001421906403266   -0.911955118179321  -0.004731354303658  0.030949337407947   -0.712106704711914  
0.001422156346962   -0.851996243000031  -0.004923267289996  0.028206206858158   -0.640043079853058  
0.001422406290658   -0.788676440715790  -0.005095758475363  0.025351807475090   -0.565454721450806  
0.001422656234354   -0.722245514392853  -0.005248148459941  0.022397402673960   -0.488635689020157  
0.001422906178050   -0.652965486049652  -0.005379835609347  0.019354645162821   -0.409889131784439  
0.001423156121746   -0.581109642982483  -0.005490300711244  0.016235539689660   -0.329525619745255  
0.001423406065442   -0.506961524486542  -0.005579108372331  0.013052386231720   -0.247862309217453  
0.001423656009138   -0.430813491344452  -0.005645907018334  0.009817745536566   -0.165221154689789  
0.001423905952834   -0.352966010570526  -0.005690434016287  0.006544376723468   -0.081928253173828  
0.001424155896530   -0.273726165294647  -0.005712514277548  0.003245191648602   0.001687854528427   
0.001424405840226   -0.193406552076340  -0.005712059326470  -0.000066794716986  0.085297271609306   
0.001424655783921   -0.112323984503746  -0.005689071491361  -0.003378517227247  0.168570220470428   
0.001424905727617   -0.030798321589828  -0.005643642041832  -0.006676912307739  0.251178205013275   
0.001425155671313   0.050848830491304   -0.005575949326158  -0.009948967956007  0.332795321941376   
0.001425405615009   0.132295399904251   -0.005486261099577  -0.013181776739657  0.413099646568298   
0.001425655558705   0.213220089673996   -0.005374930799007  -0.016362585127354  0.491774410009384   
0.001425905502401   0.293303668498993   -0.005242397077382  -0.019478850066662  0.568509221076965   
0.001426155446097   0.372230261564255   -0.005089184269309  -0.022518273442984  0.643001437187195   
0.001426405389793   0.449688464403152   -0.004915895406157  -0.025468867272139  0.714957118034363   
0.001426655333489   0.525372743606567   -0.004723214078695  -0.028318991884589  0.784092426300049   
0.001426905277185   0.598984599113464   -0.004511901643127  -0.031057404354215  0.850134789943695   
0.001427155220881   0.670233547687531   -0.004282789770514  -0.033673301339149  0.912823438644409   
0.001427405164577   0.738838613033295   -0.004036784172058  -0.036156367510557  0.971911251544952   
0.001427655108273   0.804529130458832   -0.003774853888899  -0.038496803492308  1.027165174484253   
0.001427905051969   0.867045938968658   -0.003498032921925  -0.040685378015041  1.078366994857788   
0.001428154995665   0.926142513751984   -0.003207413014024  -0.042713459581137  1.125315189361572   
0.001428404939361   0.981585621833801   -0.002904140390456  -0.044573042541742  1.167824029922485   
0.001428654883057   1.033156633377075   -0.002589412033558  -0.046256795525551  1.205726146697998   
0.001428904826753   1.080651998519897   -0.002264468697831  -0.047758076339960  1.238871932029724   
0.001429154770449   1.123884558677673   -0.001930592814460  -0.049070965498686  1.267130732536316   
0.001429404714145   1.162683606147766   -0.001589101040736  -0.050190277397633  1.290391087532043   
0.001429654657841   1.196896195411682   -0.001241340651177  -0.051111601293087  1.308560967445374   
0.001429904601537   1.226387262344360   -0.000888683483936  -0.051831305027008  1.321568965911865   
0.001430154545233   1.251040458679199   -0.000532520585693  -0.052346542477608  1.329363703727722   
0.001430404488929   1.270758628845215   -0.000174257089384  -0.052655283361673  1.331914305686951   
0.001430654432625   1.285463929176331   0.000184693810297   -0.052756313234568  1.329210758209229   
0.001430904376321   1.295098423957825   0.000542916124687   -0.052649233490229  1.321264028549194   
0.001431154320017   1.299624085426331   0.000898996775504   -0.052334465086460  1.308104991912842   
0.001431404263712   1.299023032188416   0.001251531066373   -0.051813244819641  1.289785981178284   
0.001431654207408   1.293297529220581   0.001599128358066   -0.051087636500597  1.266378879547119   
0.001431904151104   1.282470345497131   0.001940417452715   -0.050160497426987  1.237976312637329   
0.001432154094800   1.266584157943726   0.002274052007124   -0.049035485833883  1.204690217971802   
0.001432404038496   1.245701551437378   0.002598715946078   -0.047717042267323  1.166651964187622   
0.001432653982192   1.219904899597168   0.002913128584623   -0.046210367232561  1.124011516571045   
0.001432903925888   1.189296126365662   0.003216049866751   -0.044521398842335  1.076937079429626   
0.001433153869584   1.153995752334595   0.003506284439936   -0.042656805366278  1.025614261627197   
0.001433403813280   1.114143133163452   0.003782687475905   -0.040623940527439  0.970245718955994   
0.001433653756976   1.069895505905151   0.004044168628752   -0.038430824875832  0.911049783229828   
0.001433903700672   1.021427392959595   0.004289696458727   -0.036086108535528  0.848259985446930   
0.001434153644368   0.968930006027222   0.004518302623183   -0.033599037677050  0.782124042510986   
0.001434403588064   0.912610411643982   0.004729085136205   -0.030979428440332  0.712902784347534   
0.001434653531760   0.852690756320953   0.004921211861074   -0.028237611055374  0.640869259834290   
0.001434903475456   0.789407491683960   0.005093926563859   -0.025384403765202  0.566307723522186   
0.001435153419152   0.723010122776031   0.005246546585113   -0.022431060671806  0.489512115716934   
0.001435403362848   0.653760671615601   0.005378469824791   -0.019389232620597  0.410785496234894   
0.001435653306544   0.581932306289673   0.005489176604897   -0.016270916908979  0.330438524484634   
0.001435903250240   0.507808327674866   0.005578229669482   -0.013088417239487  0.248787969350815   
0.001436153193936   0.431681215763092   0.005645278375596   -0.009854285046458  0.166156083345413   
0.001436403137632   0.353851169347763   0.005690057296306   -0.006581280380487  0.082868695259094   
0.001436653081328   0.274625301361084   0.005712390411645   -0.003282314166427  -0.000745564699173  
0.001436903025024   0.194316059350967   0.005712189711630   0.000029600616472   -0.084356933832169  
0.001437152968720   0.113240316510201   0.005689455196261   0.003341398900375   -0.167635470628738  
0.001437402912416   0.031717855483294   0.005644277203828   0.006640016101301   -0.250252723693848  
0.001437652856112   -0.049929723143578  0.005576834082603   0.009912439621985   -0.331882834434509  
0.001437902799807   -0.131380349397659  0.005487391259521   0.013145761564374   -0.412203729152679  
0.001438152743503   -0.212312698364258  0.005376302637160   0.016327226534486   -0.490898579359055  
0.001438402687199   -0.292407512664795  0.005244005471468   0.019444284960628   -0.567656934261322  
0.001438652630895   -0.371348887681961  0.005091022234410   0.022484641522169   -0.642176032066345  
0.001438902574591   -0.448825329542160  0.004917955491692   0.025436302646995   -0.714161872863770  
0.001439152518287   -0.524531304836273  0.004725488834083   0.028287621214986   -0.783330619335175  
0.001439402461983   -0.598168075084686  0.004514380823821   0.031027352437377   -0.849409162998199  
0.001439652405679   -0.669445276260376  0.004285464994609   0.033644687384367   -0.912137031555176  
0.001439902349375   -0.738081634044647  0.004039644263685   0.036129303276539   -0.971266746520996  
0.001440152293071   -0.803806424140930  0.003777887672186   0.038471400737762   -1.026565074920654  
0.001440402236767   -0.866360425949097  0.003501228522509   0.040661737322807   -1.077813863754272  
0.001440652180463   -0.925496757030487  0.003210757626221   0.042691670358181   -1.124810695648193  
0.001440902124159   -0.980982303619385  0.002907621208578   0.044553194195032   -1.167370676994324  
0.001441152067855   -1.032598018646240  0.002593014854938   0.046238966286182   -1.205325603485107  
0.001441402011551   -1.080140471458435  0.002268179785460   0.047742340713739   -1.238525748252869  
0.001441651955247   -1.123422026634216  0.001934397034347   0.049057375639677   -1.266840219497681  
0.001441901898943   -1.162271857261658  0.001592983608134   0.050178896635771   -1.290157318115234  
0.001442151842639   -1.196536898612976  0.001245286199264   0.051102470606565   -1.308385133743286  
0.001442401786335   -1.226081728935242  0.000892676413059   0.051824461668730   -1.321451425552368  
0.001442651730031   -1.250790119171143  0.000536545237992   0.052342016249895   -1.329305171966553  
0.001442901673727   -1.270564317703247  0.000178297486855   0.052653089165688   -1.331914782524109  
0.001443151617423   -1.285326480865479  -0.000180653529242  0.052756462246180   -1.329270601272583  
0.001443401561119   -1.295018315315247  -0.000538891938049  0.052651721984148   -1.321382641792297  
0.001443651504815   -1.299601674079895  -0.000895004544873  0.052339285612106   -1.308282256126404  
0.001443901448511   -1.299058318138123  -0.001247586682439  0.051820382475853   -1.290020823478699  
0.001444151392207   -1.293390512466431  -0.001595247304067  0.051097061485052   -1.266670584678650  
0.001444401335903   -1.282620668411255  -0.001936614979059  0.050172168761492   -1.238323807716370  
0.001444651279598   -1.266791105270386  -0.002270343247801  0.049049366265535   -1.205092072486877  
0.001444901223294   -1.245964288711548  -0.002595115685835  0.047733072191477   -1.167106389999390  
0.001445151166990   -1.220222473144531  -0.002909650793299  0.046228479593992   -1.124516844749451  
0.001445401110686   -1.189667224884033  -0.003212708048522  0.044541530311108   -1.077491283416748  
0.001445651054382   -1.154418945312500  -0.003503091866150  0.042678877711296   -1.026215314865112  
0.001445900998078   -1.114616870880127  -0.003779656952247  0.040647860616446   -0.970891237258911  
0.001446150941774   -1.070417761802673  -0.004041312262416  0.038456503301859   -0.911737143993378  
0.001446400885470   -1.021996140480042  -0.004287025425583  0.036113440990448   -0.848986327648163  
0.001446650829166   -0.969542980194092  -0.004515827167779  0.033627923578024   -0.782886624336243  
0.001446900772862   -0.913265228271484  -0.004726815037429  0.031009746715426   -0.713698625564575  
0.001447150716558   -0.853384852409363  -0.004919156432152  0.028269246220589   -0.641695261001587  
0.001447400660254   -0.790138065814972  -0.005092093721032  0.025417231023312   -0.567160487174988  
0.001447650603950   -0.723774373531342  -0.005244943313301  0.022464951500297   -0.490388423204422  
0.001447900547646   -0.654555559158325  -0.005377103108913  0.019424051046371   -0.411681920289993  
0.001448150491342   -0.582754671573639  -0.005488051567227  0.016306528821588   -0.331351369619370  
0.001448400435038   -0.508654952049255  -0.005577350966632  0.013124681077898   -0.249713748693466  
0.001448650378734   -0.432548701763153  -0.005644648801535  0.009891059249640   -0.167091041803360  
0.001448900322430   -0.354736149311066  -0.005689679645002  0.006618420127779   -0.083809226751328  
0.001449150266126   -0.275524258613586  -0.005712266545743  0.003319672541693   -0.000196784734726  
0.001449400209822   -0.195225477218628  -0.005712319631130  0.000007829837159   0.083416417241096   
0.001449650153518   -0.114156588912010  -0.005689838435501  -0.003304043784738  0.166700541973114   
0.001449900097214   -0.032637368887663  -0.005644912365824  -0.006602883338928  0.249327078461647   
0.001450150040910   0.049010593444109   -0.005577718839049  -0.009875675663352  0.330970108509064   
0.001450399984606   0.130465224385262   -0.005488522350788  -0.013109510764480  0.411307513713837   
0.001450649928302   0.211405187845230   -0.005377674940974  -0.016291631385684  0.490022420883179   
0.001450899871998   0.291511207818985   -0.005245613399893  -0.019409485161304  0.566804289817810   
0.001451149815693   0.370467305183411   -0.005092859733850  -0.022450773045421  0.641350269317627   
0.001451399759389   0.447961986064911   -0.004920016042888  -0.025403497740626  0.713366270065308   
0.001451649703085   0.523689568042755   -0.004727764055133  -0.028256012126803  0.782568216323853   
0.001451899646781   0.597351312637329   -0.004516861867160  -0.030997062101960  0.848683059215546   
0.001452149590477   0.668656647205353   -0.004288142081350  -0.033615835011005  0.911450147628784   
0.001452399534173   0.737324237823486   -0.004042506217957  -0.036102000623941  0.970621645450592   
0.001452649477869   0.803083300590515   -0.003780923783779  -0.038445755839348  1.025964379310608   
0.001452899421565   0.865674436092377   -0.003504426218569  -0.040637847036123  1.077259898185730   
0.001453149365261   0.924850642681122   -0.003214104566723  -0.042669635266066  1.124305844306946   
0.001453399308957   0.980378508567810   -0.002911104355007  -0.044533099979162  1.166916728019714   
0.001453649252653   1.032039046287537   -0.002596620004624  -0.046220891177654  1.204924345016479   
0.001453899196349   1.079628348350525   -0.002271892968565  -0.047726351767778  1.238178730010986   
0.001454149140045   1.122958898544312   -0.001938203931786  -0.049043547362089  1.266548991203308   
0.001454399083741   1.161859512329102   -0.001596868853085  -0.050167273730040  1.289922833442688   
0.001454649027437   1.196177005767822   -0.001249234774150  -0.051093105226755  1.308208346366882   
0.001454898971133   1.225775718688965   -0.000896672601812  -0.051817383617163  1.321333289146423   
0.001455148914829   1.250539064407349   -0.000540573266335  -0.052337251603603  1.329245805740356   
0.001455398858525   1.270369410514832   -0.000182341536856  -0.052650664001703  1.331914782524109   
0.001455648802221   1.285188317298889   0.000176609479240   -0.052756384015083  1.329329609870911   
0.001455898745917   1.294937610626221   0.000534863851499   -0.052653990685940  1.321500778198242   
0.001456148689613   1.299578547477722   0.000891008297913   -0.052343886345625  1.308458566665649   
0.001456398633309   1.299093008041382   0.001243637874722   -0.051827300339937  1.290255069732666   
0.001456648577005   1.293482899665833   0.001591361709870   -0.051106266677380  1.266961693763733   
0.001456898520701   1.282770156860352   0.001932807848789   -0.050183631479740  1.238670468330383   
0.001457148464397   1.266997337341309   0.002266629599035   -0.049063034355640  1.205493092536926   
0.001457398408093   1.246226429939270   0.002591510070488   -0.047748897224665  1.167560219764709   
0.001457648351789   1.220539450645447   0.002906167646870   -0.046246394515038  1.125021576881409   
0.001457898295484   1.190037727355957   0.003209360875189   -0.044561468064785  1.078045010566711   
0.001458148239180   1.154841661453247   0.003499893937260   -0.042700752615929  1.026815891265869   
0.001458398182876   1.115089893341064   0.003776620840654   -0.040671594440937  0.971536099910736   
0.001458648126572   1.070939421653748   0.004038449842483   -0.038481995463371  0.912423849105835   
0.001458898070268   1.022564411163330   0.004284347873181   -0.036140594631433  0.849712371826172   
0.001459148013964   0.970155477523804   0.004513345193118   -0.033656626939774  0.783648908138275   
0.001459397957660   0.913919627666473   0.004724538885057   -0.031039889901876  0.714494228363037   
0.001459647901356   0.854078531265259   0.004917094949633   -0.028300710022449  0.642520964145660   
0.001459897845052   0.790868282318115   0.005090254358947   -0.025449888780713  0.568013072013855   
0.001460147788748   0.724538266658783   0.005243333522230   -0.022498676553369  0.491264581680298   
0.001460397732444   0.655350089073181   0.005375729408115   -0.019458709284663  0.412578105926514   
0.001460647676140   0.583576738834381   0.005486919544637   -0.016341982409358  0.332264125347137   
0.001460897619836   0.509501278400421   0.005576464347541   -0.013160792179406  0.250639408826828   
0.001461147563532   0.433415979146957   0.005644011311233   -0.009927683509886  0.168026059865952   
0.001461397507228   0.355620950460434   0.005689294543117   -0.006655413657427  0.084749817848206   
0.001461647450924   0.276423096656799   0.005712134763598   -0.003356889355928  0.001139283180237   
0.001461897394620   0.196134805679321   0.005712441634387   -0.000045123138989  -0.082475751638412  
0.001462147338316   0.115072801709175   0.005690214224160   0.003266821149737   -0.165765434503555  
0.001462397282012   0.033556871116161   0.005645540077239   0.006565878167748   -0.248401209712029  
0.001462647225708   -0.048091433942318  0.005578595679253   0.009839034639299   -0.330057084560394  
0.001462897169404   -0.129550039768219  0.005489645525813   0.013073379173875   -0.410411000251770  
0.001463147113100   -0.210497587919235  0.005379039794207   0.016256151720881   -0.489145904779434  
0.001463397056796   -0.290614783763885  0.005247214809060   0.019374797120690   -0.565951228141785  
0.001463647000492   -0.369585543870926  0.005094690714031   0.022417014464736   -0.640524029731750  
0.001463896944188   -0.447098404169083  0.004922069609165   0.025370799005032   -0.712570190429688  
0.001464146887884   -0.522847533226013  0.004730031825602   0.028224503621459   -0.781805336475372  
0.001464396831580   -0.596534192562103  0.004519334994256   0.030966868624091   -0.847956418991089  
0.001464646775275   -0.667867660522461  0.004290810786188   0.033587079495192   -0.910762608051300  
0.001464896718971   -0.736566543579102  0.004045360255986   0.036074791103601   -0.969976007938385  
0.001465146662667   -0.802359819412231  0.003783951746300   0.038420200347900   -1.025362968444824  
0.001465396606363   -0.864987969398499  0.003507616464049   0.040614049881697   -1.076705217361450  
0.001465646550059   -0.924203991889954  0.003217444522306   0.042647685855627   -1.123800158500671  
0.001465896493755   -0.979774177074432  0.002914580516517   0.044513087719679   -1.166461944580078  
0.001466146437451   -1.031479477882385  0.002600218867883   0.046202894300222   -1.204522371292114  
0.001466396381147   -1.079115748405457  0.002275600098073   0.047710441052914   -1.237830996513367  
0.001466646324843   -1.122495174407959  0.001942004659213   0.049029782414436   -1.266256928443909  
0.001466896268539   -1.161446690559387  0.001600748393685   0.050155710428953   -1.289687752723694  
0.001467146212235   -1.195816516876221  0.001253177528270   0.051083788275719   -1.308030962944031  
0.001467396155931   -1.225469112396240  0.000900663202628   0.051810353994370   -1.321214318275452  
0.001467646099627   -1.250287532806396  0.000544595939573   0.052332535386086   -1.329185724258423  
0.001467896043323   -1.270173788070679  0.000186380406376   0.052648279815912   -1.331913828849792  
0.001468145987019   -1.285049557685852  -0.000172570362338  0.052756339311600   -1.329387784004211  
0.001468395930715   -1.294856190681458  -0.000530840363353  0.052656285464764   -1.321617841720581  
0.001468645874411   -1.299554824829102  -0.000887016358320  0.052348516881466   -1.308634281158447  
0.001468895818107   -1.299127101898193  -0.001239693257958  0.051834244281054   -1.290488481521606  
0.001469145761803   -1.293574571609497  -0.001587479840964  0.051115494221449   -1.267252087593079  
0.001469395705499   -1.282919168472290  -0.001929004327394  0.050195112824440   -1.239016532897949  
0.001469645649195   -1.267202973365784  -0.002262919442728  0.049076717346907   -1.205893278121948  
0.001469895592891   -1.246487975120544  -0.002587907714769  0.047764729708433   -1.168013334274292  
0.001470145536587   -1.220855832099915  -0.002902687294409  0.046264320611954   -1.125525593757629  
0.001470395480283   -1.190407633781433  -0.003206016495824  0.044581409543753   -1.078598022460938  
0.001470645423979   -1.155263662338257  -0.003496698569506  0.042722631245852   -1.027415633201599  
0.001470895367675   -1.115562438964844  -0.003773587057367  0.040695324540138   -0.972180366516113  
0.001471145311370   -1.071460604667664  -0.004035589750856  0.038507483899593   -0.913110017776489  
0.001471395255066   -1.023132085800171  -0.004281673114747  0.036167740821838   -0.850437760353088  
0.001471645198762   -0.970767498016357  -0.004510866012424  0.033685322850943   -0.784410595893860  
0.001471895142458   -0.914573490619659  -0.004722264595330  0.031070023775101   -0.715289175510406  
0.001472145086154   -0.854771733283997  -0.004915034864098  0.028332162648439   -0.643346130847931  
0.001472395029850   -0.791598081588745  -0.005088416393846  0.025482537224889   -0.568865180015564  
0.001472644973546   -0.725301742553711  -0.005241725593805  0.022532388567924   -0.492140233516693  
0.001472894917242   -0.656144320964813  -0.005374357569963  0.019493354484439   -0.413473874330521  
0.001473144860938   -0.584398508071899  -0.005485788919032  0.016377422958612   -0.333176493644714  
0.001473394804634   -0.510347366333008  -0.005575580056757  0.013196887448430   -0.251564741134644  
0.001473644748330   -0.434283047914505  -0.005643376614898  0.009964291937649   -0.168960690498352  
0.001473894692026   -0.356505572795868  -0.005688911769539  0.006692389491946   -0.085690081119537  
0.001474144635722   -0.277321785688400  -0.005712005309761  0.003394087543711   -0.002081483602524  
0.001474394579418   -0.197044014930725  -0.005712565965950  0.000082396385551   0.081535339355469   
0.001474644523114   -0.115988962352276  -0.005690591875464  -0.003229619935155  0.164830476045609   
0.001474894466810   -0.034476354718208  -0.005646170116961  -0.006528896279633  0.247475475072861   
0.001475144410506   0.047172255814075   -0.005579475313425  -0.009802417829633  0.329144209623337   
0.001475394354202   0.128634780645370   -0.005490771029145  -0.013037271797657  0.409514516592026   
0.001475644297898   0.209589868783951   -0.005380406975746  -0.016220696270466  0.488269418478012   
0.001475894241594   0.289718180894852   -0.005248818080872  -0.019340135157108  0.565098166465759   
0.001476144185290   0.368703633546829   -0.005096524022520  -0.022383280098438  0.639697790145874   
0.001476394128986   0.446234613656998   -0.004924125503749  -0.025338130071759  0.711773991584778   
0.001476644072682   0.522005319595337   -0.004732302390039  -0.028193026781082  0.781042337417603   
0.001476894016378   0.595716834068298   -0.004521811380982  -0.030936708673835  0.847229719161987   
0.001477143960074   0.667078375816345   -0.004293483216316  -0.033558353781700  0.910074949264526   
0.001477393903770   0.735808432102203   -0.004048218019307  -0.036047618836164  0.969330132007599   
0.001477643847466   0.801635921001434   -0.003786983201280  -0.038394682109356  1.024761438369751   
0.001477893791161   0.864301145076752   -0.003510810201988  -0.040590289980173  1.076150417327881   
0.001478143734857   0.923556864261627   -0.003220787504688  -0.042625781148672  1.123294234275818   
0.001478393678553   0.979169428348541   -0.002918059704825  -0.044493120163679  1.166006922721863   
0.001478643622249   1.030919313430786   -0.002603820990771  -0.046184942126274  1.204119920730591   
0.001478893565945   1.078602552413940   -0.002279310487211  -0.047694578766823  1.237483024597168   
0.001479143509641   1.122030973434448   -0.001945808879100  -0.049016069620848  1.265964627265930   
0.001479393453337   1.161033153533936   -0.001604631426744  -0.050144203007221  1.289452075958252   
0.001479643397033   1.195455431938171   -0.001257124007680  -0.051074530929327  1.307853102684021   
0.001479893340729   1.225161790847778   -0.000904657645151  -0.051803383976221  1.321094751358032   
0.001480143284425   1.250035285949707   -0.000548622629140  -0.052327882498503  1.329125285148621   
0.001480393228121   1.269977569580078   -0.000190423321328  -0.052645958960056  1.331912398338318   
0.001480643171817   1.284910202026367   0.000168527054484   -0.052756361663342  1.329445719718933   
0.001480893115513   1.294774055480957   0.000526812626049   -0.052658654749393  1.321734547615051   
0.001481143059209   1.299530386924744   0.000883020111360   -0.052353221923113  1.308809518814087   
0.001481393002905   1.299160480499268   0.001235744333826   -0.051841266453266  1.290721535682678   
0.001481642946601   1.293665528297424   0.001583593781106   -0.051124807447195  1.267541885375977   
0.001481892890297   1.283067464828491   0.001925196382217   -0.050206672400236  1.239362120628357   
0.001482142833993   1.267407894134521   0.002259204396978   -0.049090489745140  1.206293344497681   
0.001482392777689   1.246748805046082   0.002584300469607   -0.047780651599169  1.168465971946716   
0.001482642721385   1.221171498298645   0.002899202052504   -0.046282332390547  1.126029253005981   
0.001482892665081   1.190777063369751   0.003202666761354   -0.044601440429688  1.079150915145874   
0.001483142608777   1.155685186386108   0.003493498079479   -0.042744606733322  1.028015255928040   
0.001483392552473   1.116034388542175   0.003770548151806   -0.040719155222178  0.972824335098267   
0.001483642496169   1.071981191635132   0.004032724536955   -0.038533076643944  0.913796007633209   
0.001483892439865   1.023699283599854   0.004278992768377   -0.036194995045662  0.851162970066071   
0.001484142383561   0.971379041671753   0.004508381243795   -0.033714134246111  0.785172164440155   
0.001484392327257   0.915226936340332   0.004719985183328   -0.031100276857615  0.716084003448486   
0.001484642270952   0.855464518070221   0.004912969656289   -0.028363734483719  0.644171237945557   
0.001484892214648   0.792327523231506   0.005086573772132   -0.025515304878354  0.569717288017273   
0.001485142158344   0.726064920425415   0.005240112543106   -0.022566225379705  0.493015885353088   
0.001485392102040   0.656938195228577   0.005372980143875   -0.019528126344085  0.414369761943817   
0.001485642045736   0.585219979286194   0.005484652705491   -0.016412995755672  0.334088921546936   
0.001485891989432   0.511193215847015   0.005574689246714   -0.013233117759228  0.252490282058716   
0.001486141933128   0.435149908065796   0.005642735399306   -0.010001038201153  0.169895559549332   
0.001486391876824   0.357390016317368   0.005688522476703   -0.006729508284479  0.086630642414093   
0.001486641820520   0.278220355510712   0.005711869336665   -0.003431431716308  0.003024041652679   
0.001486891764216   0.197953149676323   0.005712684243917   -0.000119819247629  -0.080594539642334  
0.001487141707912   0.116905063390732   0.005690963938832   0.003192265750840   -0.163895189762115  
0.001487391651608   0.035395819693804   0.005646794568747   0.006491757929325   -0.246549323201180  
0.001487641595304   -0.046253051608801  0.005580349359661   0.009765641763806   -0.328230857849121  
0.001487891539000   -0.127719461917877  0.005491890944541   0.013001002371311   -0.408617556095123  
0.001488141482696   -0.208682060241699  0.005381768569350   0.016185076907277   -0.487392425537109  
0.001488391426392   -0.288821429014206  0.005250416230410   0.019305303692818   -0.564244627952576  
0.001488641370088   -0.367821484804153  0.005098352208734   0.022349376231432   -0.638870954513550  
0.001488891313784   -0.445370584726334  0.004926176741719   0.025305287912488   -0.710977196693420  
0.001489141257480   -0.521162807941437  0.004734568297863   0.028161372989416   -0.780278682708740  
0.001489391201176   -0.594899117946625  0.004524282645434   0.030906368046999   -0.846502184867859  
0.001489641144872   -0.666288733482361  0.004296150989830   0.033529445528984   -0.909386515617371  
0.001489891088568   -0.735049962997437  0.004051071126014   0.036020256578922   -0.968683481216431  
0.001490141032264   -0.800911605358124  0.003790010930970   0.038368977606297   -1.024159193038940  
0.001490390975960   -0.863613843917847  0.003513999981806   0.040566340088844   -1.075594782829285  
0.001490640919656   -0.922909319400787  0.003224127227440   0.042603675276041   -1.122787475585938  
0.001490890863352   -0.978564143180847  0.002921535866335   0.044472955167294   -1.165551066398621  
0.001491140807047   -1.030358791351318  0.002607419854030   0.046166792511940   -1.203716754913330  
0.001491390750743   -1.078088879585266  0.002283018082380   0.047678519040346   -1.237134099006653  
0.001491640694439   -1.121566176414490  0.001949610421434   0.049002159386873   -1.265671253204346  
0.001491890638135   -1.160619139671326  0.001608511898667   0.050132501870394   -1.289215683937073  
0.001492140581831   -1.195093631744385  0.001261068391614   0.051065079867840   -1.307674288749695  
0.001492390525527   -1.224853873252869  0.000908650166821   0.051796220242977   -1.320974469184875  
0.001492640469223   -1.249782323837280  0.000552647514269   0.052323032170534   -1.329063773155212  
0.001492890412919   -1.269780755043030  0.000194464839296   0.052643444389105   -1.331910252571106  
0.001493140356615   -1.284770131111145  -0.000164484968991  0.052756194025278   -1.329502701759338  
0.001493390300311   -1.294691443443298  -0.000522785936482  0.052660826593637   -1.321850538253784  
0.001493640244007   -1.299505352973938  -0.000879024621099  0.052357725799084   -1.308983802795410  
0.001493890187703   -1.299193143844604  -0.001231795758940  0.051848087459803   -1.290953636169434  
0.001494140131399   -1.293755888938904  -0.001579707721248  0.051133919507265   -1.267830848693848  
0.001494390075095   -1.283215045928955  -0.001921388204210  0.050218041986227   -1.239706754684448  
0.001494640018791   -1.267612218856812  -0.002255489118397  0.049104060977697   -1.206692457199097  
0.001494889962487   -1.247009038925171  -0.002580692758784  0.047796379774809   -1.168917894363403  
0.001495139906183   -1.221486687660217  -0.002895716112107  0.046300150454044   -1.126532435417175  
0.001495389849879   -1.191145777702332  -0.003199316794053  0.044621281325817   -1.079702734947205  
0.001495639793575   -1.156106114387512  -0.003490296658128  0.042766388505697   -1.028614044189453  
0.001495889737271   -1.116505861282349  -0.003767508082092  0.040742795914412   -0.973467707633972  
0.001496139680967   -1.072501301765442  -0.004029857460409  0.038558479398489   -0.914481401443481  
0.001496389624663   -1.024265885353088  -0.004276310093701  0.036222059279680   -0.851887464523315  
0.001496639568359   -0.971990048885345  -0.004505893681198  0.033742748200893   -0.785933077335358  
0.001496889512055   -0.915879964828491  -0.004717702511698  0.031130334362388   -0.716878473758698  
0.001497139455751   -0.856156885623932  -0.004910901188850  0.028395118191838   -0.644995868206024  
0.001497389399447   -0.793056488037109  -0.005084727425128  0.025547888129950   -0.570568859577179  
0.001497639343143   -0.726827681064606  -0.005238496232778  0.022599877789617   -0.493891149759293  
0.001497889286838   -0.657731711864471  -0.005371599923819  0.019562715664506   -0.415265172719955  
0.001498139230534   -0.586041152477264  -0.005483513697982  0.016448384150863   -0.335001051425934  
0.001498389174230   -0.512038767337799  -0.005573796574026  0.013269166462123   -0.253415435552597  
0.001498639117926   -0.436016529798508  -0.005642092321068  0.010037605650723   -0.170830130577087  
0.001498889061622   -0.358274310827255  -0.005688131321222  0.006766448263079   -0.087570935487747  
0.001499139005318   -0.279118776321411  -0.005711731500924  0.003468598471954   -0.003966331481934  
0.001499388949014   -0.198862165212631  -0.005712800659239  0.000157065922394   0.079653963446617   
0.001499638892710   -0.117821104824543  -0.005691334139556  -0.003155086655170  0.162960022687912   
