t                   Vd                  VR                  VC                  VL                  
0.000971568573732   -0.007211043965071  -0.003121423535049  -14.807519912719727 14.803430557250977  
0.000971748493612   0.074428163468838   0.136938557028770   -14.808821678161621 14.746311187744141  
0.000971928413492   0.155773654580116   0.276458114385605   -14.751683235168457 14.630998611450195  
0.000972108333372   0.236504390835762   0.414886683225632   -14.636327743530273 14.457945823669434  
0.000972288253251   0.316301792860031   0.551677942276001   -14.463212013244629 14.227835655212402  
0.000972468173131   0.394850939512253   0.686292052268982   -14.233017921447754 13.941576957702637  
0.000972648093011   0.471841841936111   0.818197727203369   -13.946654319763184 13.600298881530762  
0.000972828012891   0.546970665454865   0.946874558925629   -13.605252265930176 13.205348014831543  
0.000973007932771   0.619940936565399   1.071814537048340   -13.210158348083496 12.758284568786621  
0.000973187852651   0.690464615821838   1.192524671554565   -12.762931823730469 12.260871887207031  
0.000973367772531   0.758263528347015   1.308528661727905   -12.265337944030762 11.715072631835938  
0.000973547692411   0.823069930076599   1.419368743896484   -11.719338417053223 11.123039245605469  
0.000973727612291   0.884628236293793   1.524607300758362   -11.127091407775879 10.487112045288086  
0.000973907532170   0.942695438861847   1.623829245567322   -10.490931510925293 9.809797286987305   
0.000974087452050   0.997042357921600   1.716642856597900   -9.813369750976562  9.093769073486328   
0.000974267371930   1.047454595565796   1.802681922912598   -9.097081184387207  8.341854095458984   
0.000974447291810   1.093733072280884   1.881606936454773   -8.344891548156738  7.557017803192139   
0.000974627211690   1.135695219039917   1.953106284141541   -7.559770584106445  6.742359638214111   
0.000974807131570   1.173175573348999   2.016897916793823   -6.744815349578857  5.901093006134033   
0.000974987051450   1.206026077270508   2.072730064392090   -5.903241634368896  5.036537647247314   
0.000975166971330   1.234117031097412   2.120382308959961   -5.038372039794922  4.152106761932373   
0.000975346891209   1.257337689399719   2.159666776657104   -4.153618335723877  3.251289367675781   
0.000975526811089   1.275596380233765   2.190428256988525   -3.252473354339600  2.337641477584839   
0.000975706730969   1.288821101188660   2.212545394897461   -2.338492393493652  1.414768099784851   
0.000975886650849   1.296959638595581   2.225931167602539   -1.415282845497131  0.486311316490173   
0.000976066570729   1.299979805946350   2.230532169342041   -0.486488133668900  -0.444064229726791  
0.000976246490609   1.297869682312012   2.226330995559692   0.444226533174515   -1.372687816619873  
0.000976426410489   1.290637612342834   2.213343381881714   1.373188257217407   -2.295894145965576  
0.000976606388576   1.278307437896729   2.191621065139771   2.296730518341064   -3.210044145584106  
0.000976786366664   1.260929346084595   2.161249876022339   3.211209058761597   -4.111529350280762  
0.000976966344751   1.238571763038635   2.122349500656128   4.113014698028564   -4.996792316436768  
0.000977146322839   1.211323142051697   2.075073242187500   4.998589038848877   -5.862339019775391  
0.000977326300927   1.179291129112244   2.019607782363892   5.864436626434326   -6.704753398895264  
0.000977506279014   1.142602086067200   1.956171870231628   6.707140922546387   -7.520710945129395  
0.000977686257102   1.101400971412659   1.885016083717346   7.523375511169434   -8.306990623474121  
0.000977866235189   1.055850505828857   1.806421041488647   8.309920310974121   -9.060490608215332  
0.000978046213277   1.006130456924438   1.720696806907654   9.063669204711914   -9.778235435485840  
0.000978226191364   0.952437281608582   1.628181695938110   9.781648635864258   -10.457392692565918 
0.000978406169452   0.894982993602753   1.529240965843201   10.461025238037109  -11.095283508300781 
0.000978586147539   0.833994388580322   1.424264907836914   11.099118232727051  -11.689388275146484 
0.000978766125627   0.769712448120117   1.313668012619019   11.693408012390137  -12.237363815307617 
0.000978946103714   0.702390909194946   1.197886347770691   12.241551399230957  -12.737047195434570 
0.000979126081802   0.632295668125153   1.077377080917358   12.741382598876953  -13.186464309692383 
0.000979306059889   0.559703528881073   0.952615797519684   13.190930366516113  -13.583842277526855 
0.000979486037977   0.484901130199432   0.824094712734222   13.588419914245605  -13.927613258361816 
0.000979666016065   0.408183872699738   0.692321181297302   13.932282447814941  -14.216420173645020 
0.000979845994152   0.329854726791382   0.557815074920654   14.221161842346191  -14.449122428894043 
0.000980025972240   0.250222980976105   0.421107351779938   14.453916549682617  -14.624800682067871 
0.000980205950327   0.169603139162064   0.282737433910370   14.629628181457520  -14.742762565612793 
0.000980385928415   0.088313534855843   0.143251448869705   14.747604370117188  -14.802542686462402 
0.000980565906502   0.006675181910396   0.003199858358130   14.807377815246582  -14.803902626037598 
0.000980745884590   -0.074989534914494  -0.136864587664604  14.808712959289551  -14.746837615966797 
0.000980925862677   -0.156358107924461  -0.276389122009277  14.751604080200195  -14.631572723388672 
0.000981105840765   -0.237109243869781  -0.414823114871979  14.636277198791504  -14.458562850952148 
0.000981285818852   -0.316924035549164  -0.551620185375214  14.463188171386719  -14.228491783142090 
0.000981465796940   -0.395487308502197  -0.686240494251251  14.233018875122070  -13.942265510559082 
0.000981645775028   -0.472488850355148  -0.818152785301208  13.946677207946777  -13.601013183593750 
0.000981825753115   -0.547624528408051  -0.946836292743683  13.605293273925781  -13.206081390380859 
0.000982005731203   -0.620597660541534  -1.071783185005188  13.210214614868164  -12.759029388427734 
0.000982185709290   -0.691120088100433  -1.192500472068787  12.763001441955566  -12.261621475219727 
0.000982365687378   -0.758913278579712  -1.308511614799500  12.265417098999023  -11.715818405151367 
0.000982545665465   -0.823709547519684  -1.419358730316162  11.719426155090332  -11.123777389526367 
0.000982725643553   -0.885253071784973  -1.524604320526123  11.127183914184570  -10.487833023071289 
0.000982905621640   -0.943300783634186  -1.623833060264587  10.491025924682617  -9.810493469238281  
0.000983085599728   -0.997623383998871  -1.716653227806091  9.813463211059570   -9.094433784484863  
0.000983265577815   -1.048006415367126  -1.802698612213135  9.097170829772949   -8.342478752136230  
0.000983445555903   -1.094250917434692  -1.881629586219788  8.344974517822266   -7.557595729827881  
0.000983625533991   -1.136174321174622  -1.953134417533875  7.559843540191650   -6.742883682250977  
0.000983805512078   -1.173610925674438  -2.016931056976318  6.744876861572266   -5.901556968688965  
0.000983985490166   -1.206413149833679  -2.072767496109009  5.903289318084717   -5.036934852600098  
0.000984165468253   -1.234451174736023  -2.120423555374146  5.038403987884521   -4.152431488037109  
0.000984345446341   -1.257614374160767  -2.159711122512817  4.153633594512939   -3.251536846160889  
0.000984525424428   -1.275811433792114  -2.190474748611450  3.252470016479492   -2.337806701660156  
0.000984705402516   -1.288970232009888  -2.212593317031860  2.338469743728638   -1.414846658706665  
0.000984885380603   -1.297039031982422  -2.225979804992676  1.415240168571472   -0.486299395561218  
0.000985065358691   -1.299985885620117  -2.230580806732178  0.486425071954727   0.444169849157333   
0.000985245336778   -1.297799110412598  -2.226378440856934  -0.444309800863266  1.372889161109924   
0.000985425314866   -1.290487408638000  -2.213389158248901  -1.373291134834290  2.296192884445190   
0.000985605292954   -1.278079628944397  -2.191663980484009  -2.296852588653564  3.210436820983887   
0.000985785271041   -1.260624766349792  -2.161288976669312  -3.211349248886108  4.112013339996338   
0.000985965249129   -1.238191723823547  -2.122383832931519  -4.113171577453613  4.997363567352295   
0.000986145227216   -1.210869073867798  -2.075102090835571  -4.998760223388672  5.862993240356445   
0.000986325205304   -1.178764820098877  -2.019630670547485  -5.864619731903076  6.705485343933105   
0.000986505183391   -1.142005681991577  -1.956187844276428  -6.707333564758301  7.521515846252441   
0.000986685161479   -1.100736737251282  -1.885024309158325  -7.523574829101562  8.307862281799316   
0.000986865139566   -1.055121064186096  -1.806421041488647  -8.310122489929199  9.061422348022461   
0.000987045117654   -1.005338788032532  -1.720687985420227  -9.063871383666992  9.779220581054688   
0.000987225095741   -0.951586544513702  -1.628163576126099  -9.781848907470703  10.458425521850586  
0.000987405073829   -0.894076406955719  -1.529213070869446  -10.461218833923340 11.096355438232422  
0.000987585051917   -0.833035647869110  -1.424226880073547  -11.099300384521484 11.690491676330566  
0.000987765030004   -0.768705248832703  -1.313619375228882  -11.693574905395508 12.238489151000977  
0.000987945008092   -0.701339304447174  -1.197827100753784  -12.241697311401367 12.738184928894043  
0.000988124986179   -0.631203770637512  -1.077307105064392  -12.741504669189453 13.187607765197754  
0.000988304964267   -0.558575630187988  -0.952534914016724  -13.191022872924805 13.584981918334961  
0.000988484942354   -0.483741730451584  -0.824003040790558  -13.588478088378906 13.928739547729492  
0.000988664920442   -0.406997531652451  -0.692218840122223  -13.932302474975586 14.217523574829102  
0.000988844898529   -0.328646123409271  -0.557702302932739  -14.221138954162598 14.450195312500000  
0.000989024876617   -0.248996898531914  -0.420984357595444  -14.453845977783203 14.625833511352539  
0.000989204854704   -0.168364390730858  -0.282604694366455  -14.629506111145020 14.743746757507324  
0.000989384832792   -0.087067030370235  -0.143109396100044  -14.747426033020020 14.803468704223633  
0.000989564810880   -0.005425848532468  -0.003049059538171  -14.807141304016113 14.804764747619629  
0.000989744788967   0.076236762106419   0.137023553252220   -14.808413505554199 14.747626304626465  
0.000989924767055   0.157598316669464   0.276555538177490   -14.751238822937012 14.632281303405762  
0.000990104745142   0.238337531685829   0.414996236562729   -14.635843276977539 14.459184646606445  
0.000990284723230   0.318135559558868   0.551799237728119   -14.462681770324707 14.229018211364746  
0.000990464701317   0.396677255630493   0.686424493789673   -14.232437133789062 13.942689895629883  
0.000990644679405   0.473652511835098   0.818340778350830   -13.946018218994141 13.601329803466797  
0.000990824657492   0.548757374286652   0.947027266025543   -13.604556083679199 13.206286430358887  
0.000991004635580   0.621695160865784   1.071976184844971   -13.209399223327637 12.759118080139160  
0.000991184613667   0.692177891731262   1.192694187164307   -12.762104988098145 12.261589050292969  
0.000991364591755   0.759927272796631   1.308704972267151   -12.264439582824707 11.715662002563477  
0.000991544569843   0.824675738811493   1.419550538063049   -11.718367576599121 11.123493194580078  
0.000991724547930   0.886167585849762   1.524793505668640   -11.126044273376465 10.487418174743652  
0.000991904526018   0.944159984588623   1.624018311500549   -10.489807128906250 9.809948921203613   
0.000992084504105   0.998423933982849   1.716833353042603   -9.812166213989258  9.093756675720215   
0.000992264482193   1.048745155334473   1.802872300148010   -9.095798492431641  8.341670989990234   
0.000992444460280   1.094924926757812   1.881795644760132   -8.343529701232910  7.556658744812012   
0.000992624438368   1.136780977249146   1.953291535377502   -7.558329582214355  6.741818904876709   
0.000992804416455   1.174147844314575   2.017077922821045   -6.743296623229980  5.900366783142090   
0.000992984394543   1.206877946853638   2.072903156280518   -5.901648044586182  5.035622596740723   
0.000993164372630   1.234842300415039   2.120546817779541   -5.036705970764160  4.151001453399658   
0.000993344350718   1.257930278778076   2.159820795059204   -4.151884078979492  3.249993562698364   
0.000993524328806   1.276050686836243   2.190569877624512   -3.250674724578857  2.336155414581299   
0.000993704306893   1.289132118225098   2.212672948837280   -2.336634635925293  1.413093805313110   
0.000993884284981   1.297122716903687   2.226042747497559   -1.413372159004211  0.484452128410339   
0.000994064263068   1.299991130828857   2.230626344680786   -0.484530806541443  -0.446104407310486  
0.000994244241156   1.297725796699524   2.226405620574951   0.446223109960556   -1.374902963638306  
0.000994424219243   1.290335893630981   2.213397264480591   1.375215888023376   -2.298277378082275  
0.000994604197331   1.277850508689880   2.191652774810791   2.298780918121338   -3.212583065032959  
0.000994784175418   1.260318994522095   2.161257266998291   3.213272571563721   -4.114211082458496  
0.000994964153506   1.237810492515564   2.122331619262695   4.115081787109375   -4.999602794647217  
0.000995144131593   1.210413932800293   2.075028657913208   5.000648021697998   -5.865262985229492  
0.000995324109681   1.178237438201904   2.019535779953003   5.866477012634277   -6.707775115966797  
0.000995504087768   1.141408205032349   1.956071257591248   6.709150791168213   -7.523813724517822  
0.000995684065856   1.100071549415588   1.884886026382446   7.525343418121338   -8.310157775878906  
0.000995864043944   1.054390788078308   1.806260943412781   8.311833381652832   -9.063703536987305  
0.000996044022031   1.004546284675598   1.720506429672241   9.065515518188477   -9.781476020812988  
0.000996224000119   0.950734853744507   1.627960681915283   9.783415794372559   -10.460641860961914 
0.000996403978206   0.893169045448303   1.528989195823669   10.462700843811035  -11.098521232604980 
0.000996583956294   0.832076132297516   1.423982620239258   11.100687980651855  -11.692594528198242 
0.000996763934381   0.767697393894196   1.313355207443237   11.694860458374023  -12.240518569946289 
0.000996943912469   0.700287044048309   1.197543740272522   12.242873191833496  -12.740129470825195 
0.000997123890556   0.630111277103424   1.077005267143250   12.742561340332031  -13.189455032348633 
0.000997303868644   0.557447254657745   0.952215552330017   13.191953659057617  -13.586722373962402 
0.000997483846731   0.482581853866577   0.823667228221893   13.589276313781738  -13.930361747741699 
0.000997663824819   0.405810803174973   0.691867589950562   13.932960510253906  -14.219017028808594 
0.000997843802907   0.327437192201614   0.557336986064911   14.221649169921875  -14.451548576354980 
0.000998023780994   0.247770562767982   0.420606225728989   14.454204559326172  -14.627039909362793 
0.000998203759082   0.167125493288040   0.282215148210526   14.629707336425781  -14.744796752929688 
0.000998383737169   0.085820451378822   0.142709910869598   14.747464179992676  -14.804353713989258 
0.000998563715257   0.004176509566605   0.002641198458150   14.807010650634766  -14.805475234985352 
0.000998743693344   -0.077483922243118  -0.137438118457794  14.808113098144531  -14.748158454895020 
0.000998923671432   -0.158838376402855  -0.276975154876709  14.750765800476074  -14.632629394531250 
0.000999103649519   -0.239565581083298  -0.415419131517410  14.635194778442383  -14.459341049194336 
0.000999283627607   -0.319346755743027  -0.552223563194275  14.461856842041016  -14.228980064392090 
0.000999463605694   -0.397866845130920  -0.686848461627960  14.231435775756836  -13.942454338073730 
0.000999643583782   -0.474815785884857  -0.818762481212616  13.944840431213379  -13.600893974304199 
0.000999823561870   -0.549889683723450  -0.947444856166840  13.603202819824219  -13.205647468566895 
0.001000003539957   -0.622792065143585  -1.072387814521790  13.207871437072754  -12.758275985717773 
0.001000183518045   -0.693235099315643  -1.193097829818726  12.760405540466309  -12.260542869567871 
0.001000363496132   -0.760940611362457  -1.309098839759827  12.262572288513184  -11.714413642883301 
0.001000543474220   -0.825641155242920  -1.419932603836060  11.716335296630859  -11.122043609619141 
0.001000723452307   -0.887081265449524  -1.525161743164062  11.123852729797363  -10.485772132873535 
0.001000903430395   -0.945018351078033  -1.624371051788330  10.487462043762207  -9.808109283447266  
0.001001083408482   -0.999223589897156  -1.717168688774109  9.809675216674805   -9.091730117797852  
0.001001263386570   -1.049482941627502  -1.803188443183899  9.093167304992676   -8.339462280273438  
0.001001443364657   -1.095597982406616  -1.882090806961060  8.340766906738281   -7.554274082183838  
0.001001623342745   -1.137386441230774  -1.953564167022705  7.555443286895752   -6.739265441894531  
0.001001803320833   -1.174683570861816  -2.017326593399048  6.740296363830566   -5.897653579711914  
0.001001983298920   -1.207341790199280  -2.073126077651978  5.898544311523438   -5.032760143280029  
0.001002163277008   -1.235232353210449  -2.120742559432983  5.033509254455566   -4.147998809814453  
0.001002343255095   -1.258244991302490  -2.159988164901733  4.148605346679688   -3.246862173080444  
0.001002523233183   -1.276288866996765  -2.190707683563232  3.247325897216797   -2.332907199859619  
0.001002703211270   -1.289292693138123  -2.212780237197876  2.333228588104248   -1.409741044044495  
0.001002883189358   -1.297205209732056  -2.226118087768555  1.409921169281006   -0.481008291244507  
0.001003063167445   -1.299995064735413  -2.230669021606445  0.481048375368118   0.449625581502914   
0.001003243145533   -1.297651410102844  -2.226414918899536  -0.449723362922668  1.378486871719360   
0.001003423123620   -1.290183305740356  -2.213372707366943  -1.378720045089722  2.301909446716309   
0.001003603101708   -1.277620315551758  -2.191593647003174  -2.302274703979492  3.216248035430908   
0.001003783079796   -1.260012030601501  -2.161163806915283  -3.216741800308228  4.117893695831299   
0.001003963057883   -1.237428069114685  -2.122203111648560  -4.118511676788330  5.003286838531494   
0.001004143035971   -1.209957599639893  -2.074865341186523  -5.004024982452393  5.868932723999023   
0.001004323014058   -1.177708983421326  -2.019337415695190  -5.869785785675049  6.711414337158203   
0.001004502992146   -1.140809655189514  -1.955838680267334  -6.712377071380615  7.527406215667725   
0.001004682970233   -1.099405288696289  -1.884619474411011  -7.528472900390625  8.313687324523926   
0.001004862948321   -1.053659558296204  -1.805961012840271  -8.314851760864258  9.067152976989746   
0.001005042926408   -1.003752827644348  -1.720173835754395  -9.068408966064453  9.784830093383789   
0.001005222904496   -0.949882388114929  -1.627596378326416  -9.786170959472656  10.463885307312012  
0.001005402882583   -0.892260849475861  -1.528594136238098  -10.465304374694824 11.101637840270996  
0.001005582860671   -0.831115841865540  -1.423557996749878  -11.103127479553223 11.695569992065430  
0.001005762838759   -0.766688823699951  -1.312902569770813  -11.697123527526855 12.243337631225586  
0.001005942816846   -0.699234127998352  -1.197064518928528  -12.244946479797363 12.742776870727539  
0.001006122794934   -0.629018187522888  -1.076501011848450  -12.744434356689453 13.191917419433594  
0.001006302773021   -0.556318342685699  -0.951688051223755  -13.193615913391113 13.588985443115234  
0.001006482751109   -0.481421560049057  -0.823118329048157  -13.590718269348145 13.932415008544922  
0.001006662729196   -0.404623687267303  -0.691299319267273  -13.934173583984375 14.220849037170410  
0.001006842707284   -0.326227962970734  -0.556751310825348  -14.222626686096191 14.453149795532227  
0.001007022685371   -0.246544003486633  -0.420005500316620  -14.454936981201172 14.628398895263672  
0.001007202663459   -0.165886431932449  -0.281601548194885  -14.630188941955566 14.745903968811035  
0.001007382641546   -0.084573790431023  -0.142085820436478  -14.747690200805664 14.805202484130859  
0.001007562619634   -0.002927167108282  -0.002009092364460  -14.806977272033691 14.806058883666992  
0.001007742597722   0.078731015324593   0.138075768947601   -14.807815551757812 14.748471260070801  
0.001007922575809   0.160078287124634   0.277615755796432   -14.750202178955078 14.632664680480957  
0.001008102553897   0.240793421864510   0.416060090065002   -14.634363174438477 14.459096908569336  
0.001008282531984   0.320557683706284   0.552862226963043   -14.460758209228516 14.228453636169434  
0.001008462510072   0.399056077003479   0.687482178211212   -14.230070114135742 13.941643714904785  
0.001008642488159   0.475978583097458   0.819388508796692   -13.943210601806641 13.599801063537598  
0.001008822466247   0.551021516323090   0.948060572147369   -13.601311683654785 13.204272270202637  
0.001009002444334   0.623888432979584   1.072990417480469   -13.205722808837891 12.756620407104492  
0.001009182422422   0.694291710853577   1.193684935569763   -12.758005142211914 12.258611679077148  
0.001009362400509   0.761953175067902   1.309667587280273   -12.259927749633789 11.712213516235352  
0.001009542378597   0.826605796813965   1.420480489730835   -11.713453292846680 11.119578361511230  
0.001009722356685   0.887994170188904   1.525686264038086   -11.120741844177246 10.483049392700195  
0.001009902334772   0.945875883102417   1.624869823455811   -10.484132766723633 9.805138587951660   
0.001010082312860   1.000022292137146   1.717639446258545   -9.806137084960938  9.088520050048828   
0.001010262290947   1.050219774246216   1.803628802299500   -9.089432716369629  8.336023330688477   
0.001010442269035   1.096269965171814   1.882498621940613   -8.336847305297852  7.550618648529053   
0.001010622247122   1.137990951538086   1.953937411308289   -7.551353931427002  6.735407352447510   
0.001010802225210   1.175218105316162   2.017663240432739   -6.736051559448242  5.893606185913086   
0.001010982203297   1.207804441452026   2.073424577713013   -5.894158840179443  5.028538703918457   
0.001011162181385   1.235621094703674   2.121001005172729   -5.028999328613281  4.143619537353516   
0.001011342159472   1.258558392524719   2.160205125808716   -4.143987655639648  3.242341041564941   
0.001011522137560   1.276525735855103   2.190882205963135   -3.242617845535278  2.328261375427246   
0.001011702115647   1.289452075958252   2.212910652160645   -2.328447580337524  1.404989004135132   
0.001011882093735   1.297286510467529   2.226203680038452   -1.405085802078247  0.476168632507324   
0.001012062071823   1.299997925758362   2.230709075927734   -0.476177275180817  -0.454533874988556  
0.001012242049910   1.297575712203979   2.226408481597900   0.454611063003540   -1.383443832397461  
0.001012422027998   1.290029406547546   2.213319301605225   1.383605003356934   -2.306894779205322  
0.001012602006085   1.277388930320740   2.191493034362793   2.307137250900269   -3.221241474151611  
0.001012781984173   1.259703993797302   2.161015987396240   3.221562385559082   -4.122874259948730  
0.001012961962260   1.237044572830200   2.122008085250854   4.123270511627197   -5.008234024047852  
0.001013141940348   1.209500193595886   2.074623584747314   5.008702278137207   -5.873825550079346  
0.001013321918435   1.177179455757141   2.019049406051636   5.874361991882324   -6.716231822967529  
0.001013501896523   1.140210032463074   1.955505013465881   6.716833114624023   -7.532128334045410  
0.001013681874610   1.098738074302673   1.884241104125977   7.532789707183838   -8.318292617797852  
0.001013861852698   1.052927255630493   1.805539131164551   8.319010734558105   -9.071622848510742  
0.001014041830786   1.002958416938782   1.719709634780884   9.072392463684082   -9.789143562316895  
0.001014221808873   0.949028968811035   1.627091407775879   9.789960861206055   -10.468023300170898 
0.001014401786961   0.891351819038391   1.528050065040588   10.468883514404297  -11.105581283569336 
0.001014581765048   0.830154776573181   1.422976613044739   11.106479644775391  -11.699301719665527 
0.001014761743136   0.765679478645325   1.312285780906677   11.700232505798340  -12.246838569641113 
0.001014941721223   0.698180556297302   1.196414589881897   12.247798919677734  -12.746032714843750 
0.001015121699311   0.627924561500549   1.075820326805115   12.747016906738281  -13.194912910461426 
0.001015301677398   0.555188894271851   0.950979053974152   13.195915222167969  -13.591705322265625 
0.001015481655486   0.480260819196701   0.822383582592010   13.592721939086914  -13.934844970703125 
0.001015661633573   0.403436213731766   0.690541565418243   13.935871124267578  -14.222976684570312 
0.001015841611661   0.325018465518951   0.555973470211029   14.224007606506348  -14.454962730407715 
0.001016021589749   0.245317220687866   0.419210433959961   14.455993652343750  -14.629886627197266 
0.001016201567836   0.164647221565247   0.280792385339737   14.630913734436035  -14.747058868408203 
0.001016381545924   0.083327047526836   0.141265779733658   14.748078346252441  -14.806016921997070 
0.001016561524011   0.001677821855992   0.001181322615594   14.807023048400879  -14.806526184082031 
0.001016741502099   -0.079978033900261  -0.138907968997955  14.807516098022461  -14.748585700988770 
0.001016921480186   -0.161318063735962  -0.278449028730392  14.749554634094238  -14.632423400878906 
0.001017101458274   -0.242021039128304  -0.416891068220139  14.633368492126465  -14.458498001098633 
0.001017281436361   -0.321768313646317  -0.553687512874603  14.459416389465332  -14.227497100830078 
0.001017461414449   -0.400244921445847  -0.688298463821411  14.228384971618652  -13.940331459045410 
0.001017641392536   -0.477140963077545  -0.820192396640778  13.941184997558594  -13.598133087158203 
0.001017821370624   -0.552152812480927  -0.948848664760590  13.598950386047363  -13.202254295349121 
0.001018001348712   -0.624984204769135  -1.073759436607361  13.203032493591309  -12.754257202148438 
0.001018181326799   -0.695347607135773  -1.194431543350220  12.754994392395020  -12.255910873413086 
0.001018361304887   -0.762965083122253  -1.310388684272766  12.256604194641113  -11.709180831909180 
0.001018541282974   -0.827569663524628  -1.421172976493835  11.709829330444336  -11.116226196289062 
0.001018721261062   -0.888906180858612  -1.526347160339355  11.116829872131348  -10.479389190673828 
0.001018901239149   -0.946732461452484  -1.625496029853821  10.479943275451660  -9.801179885864258  
0.001019081217237   -1.000820159912109  -1.718228101730347  9.801687240600586   -9.084279060363770  
0.001019261195324   -1.050955653190613  -1.804177403450012  9.084736824035645   -8.331515312194824  
0.001019441173412   -1.096940875053406  -1.883004546165466  8.331923484802246   -7.545859813690186  
0.001019621151499   -1.138594508171082  -1.954398274421692  7.546218872070312   -6.730415344238281  
0.001019801129587   -1.175751686096191  -2.018076896667480  6.730724334716797   -5.888399124145508  
0.001019981107675   -1.208266019821167  -2.073788881301880  5.888659000396729   -5.023136138916016  
0.001020161085762   -1.236008882522583  -2.121314525604248  5.023347377777100   -4.138041496276855  
0.001020341063850   -1.258870840072632  -2.160465955734253  4.138204574584961   -3.236609458923340  
0.001020521041937   -1.276761531829834  -2.191088676452637  3.236725807189941   -2.322398662567139  
0.001020701020025   -1.289610385894775  -2.213061809539795  2.322469472885132   -1.399018049240112  
0.001020880998112   -1.297366499900818  -2.226298332214355  1.399044513702393   -0.470112681388855  
0.001021060976200   -1.299999475479126  -2.230746030807495  0.470096528530121   0.460650026798248   
0.001021240954287   -1.297498822212219  -2.226387739181519  -0.460707366466522  1.389596223831177   
0.001021420932375   -1.289874434471130  -2.213240146636963  -1.389692664146423  2.313058376312256   
0.001021600910462   -1.277156352996826  -2.191355466842651  -2.313191890716553  3.227391004562378   
0.001021780888550   -1.259394764900208  -2.160820245742798  -3.227559804916382  4.128985404968262   
0.001021960866638   -1.236660003662109  -2.121754646301270  -4.129186153411865  5.014280796051025   
0.001022140844725   -1.209041595458984  -2.074312925338745  -5.014512062072754  5.879783630371094   
0.001022320822813   -1.176648736000061  -2.018682479858398  -5.880042552947998  6.722076416015625   
0.001022500800900   -1.139609456062317  -1.955082654953003  -6.722360134124756  7.537833213806152   
0.001022680778988   -1.098069906234741  -1.883764863014221  -7.538140773773193  8.323835372924805   
0.001022860757075   -1.052193999290466  -1.805010437965393  -8.324162483215332  9.076978683471680   
0.001023040735163   -1.002163052558899  -1.719130158424377  -9.077322959899902  9.794290542602539   
0.001023220713250   -0.948174715042114  -1.626463294029236  -9.794649124145508  10.472937583923340  
0.001023400691338   -0.890442013740540  -1.527375459671021  -10.473309516906738 11.110242843627930  
0.001023580669425   -0.829192936420441  -1.422257900238037  -11.110624313354492 11.703689575195312  
0.001023760647513   -0.764669477939606  -1.311525464057922  -11.704077720642090 12.250933647155762  
0.001023940625601   -0.697126388549805  -1.195615530014038  -12.251326560974121 12.749815940856934  
0.001024120603688   -0.626830339431763  -1.074985384941101  -12.750210762023926 13.198366165161133  
0.001024300581776   -0.554058969020844  -0.950111448764801  -13.198760986328125 13.594813346862793  
0.001024480559863   -0.479099631309509  -0.821486532688141  -13.595206260681152 13.937593460083008  
0.001024660537951   -0.402248352766037  -0.689618527889252  -13.937980651855469 14.225350379943848  
0.001024840516038   -0.323808640241623  -0.555027961730957  -14.225731849670410 14.456951141357422  
0.001025020494126   -0.244090199470520  -0.418246120214462  -14.457323074340820 14.631479263305664  
0.001025200472213   -0.163407862186432  -0.279813021421432  -14.631840705871582 14.748246192932129  
0.001025380450301   -0.082080237567425  -0.140275180339813  -14.748596191406250 14.806791305541992  
0.001025560428388   -0.000428475090303  -0.000183396303328  -14.807127952575684 14.806882858276367  
0.001025740406476   0.081224977970123   0.139909252524376   -14.807204246520996 14.748519897460938  
0.001025920384564   0.162557676434517   0.279449731111526   -14.748825073242188 14.631933212280273  
0.001026100362651   0.243248432874680   0.417887121438980   -14.632222175598145 14.457583427429199  
0.001026280340739   0.322978615760803   0.554674923419952   -14.457853317260742 14.226157188415527  
0.001026460318826   0.401433378458023   0.689273178577423   -14.226408958435059 13.938569068908691  
0.001026640296914   0.478302896022797   0.821150422096252   -13.938801765441895 13.595953941345215  
0.001026820275001   0.553283631801605   0.949786126613617   -13.596168518066406 13.199666023254395  
0.001027000253089   0.626079440116882   1.074672222137451   -13.199859619140625 12.751266479492188  
0.001027180231176   0.696402907371521   1.195316076278687   -12.751441001892090 12.252528190612793  
0.001027360209264   0.763976275920868   1.311241149902344   -12.252681732177734 11.705416679382324  
0.001027540187351   0.828532814979553   1.421989798545837   -11.705552101135254 11.112094879150391  
0.001027720165439   0.889817416667938   1.527124881744385   -11.112211227416992 10.474904060363770  
0.001027900143526   0.947588205337524   1.626231193542480   -10.475000381469727 9.796357154846191   
0.001028080121614   1.001617074012756   1.718917727470398   -9.796438217163086  9.079137802124023   
0.001028260099702   1.051690459251404   1.804818272590637   -9.079199790954590  8.326071739196777   
0.001028440077789   1.097610950469971   1.883593916893005   -8.326119422912598  7.540136337280273   
0.001028620055877   1.139196872711182   1.954933643341064   -7.540168285369873  6.724431514739990   
0.001028800033964   1.176284193992615   2.018555641174316   -6.724450588226318  5.882179260253906   
0.001028980012052   1.208726406097412   2.074208736419678   -5.882184982299805  5.016702651977539   
0.001029159990139   1.236395478248596   2.121673583984375   -5.016697883605957  4.131419658660889   
0.001029339968227   1.259181976318359   2.160762071609497   -4.131405830383301  3.229825735092163   
0.001029519946314   1.276996135711670   2.191320657730103   -3.229803562164307  2.315479040145874   
0.001029699924402   1.289767384529114   2.213228225708008   -2.315450429916382  1.391989588737488   
0.001029879902489   1.297445416450500   2.226398229598999   -1.391956090927124  0.463003277778625   
0.001030059880577   1.299999952316284   2.230778694152832   -0.462966471910477  -0.467812269926071  
0.001030239858665   1.297420740127563   2.226352453231812   0.467851042747498   -1.396782755851746  
0.001030419836752   1.289718151092529   2.213137149810791   1.396821618080139   -2.320240497589111  
0.001030599814840   1.276922583580017   2.191184520721436   2.320277929306030   -3.234539985656738  
0.001030779792927   1.259084343910217   2.160581350326538   3.234574317932129   -4.136071205139160  
0.001030959771015   1.236274123191833   2.121448755264282   4.136101245880127   -5.021275997161865  
0.001031139749102   1.208581924438477   2.073940992355347   5.021299362182617   -5.886658668518066  
0.001031319727190   1.176117062568665   2.018245458602905   5.886674404144287   -6.728802680969238  
0.001031499705277   1.139007806777954   1.954582095146179   6.728810310363770   -7.544384479522705  
0.001031679683365   1.097400546073914   1.883202314376831   7.544381618499756   -8.330183029174805  
0.001031859661452   1.051459789276123   1.804387688636780   8.330169677734375   -9.083097457885742  
0.001032039639540   1.001366853713989   1.718449592590332   9.083070755004883   -9.800153732299805  
0.001032219617628   0.947319567203522   1.625727295875549   9.800112724304199   -10.478520393371582 
0.001032399595715   0.889531314373016   1.526586651802063   10.478466033935547  -11.115521430969238 
0.001032579573803   0.828230381011963   1.421419024467468   11.115450859069824  -11.708639144897461 
0.001032759551890   0.763658761978149   1.310639858245850   11.708554267883301  -12.255535125732422 
0.001032939529978   0.696071505546570   1.194686293601990   12.255433082580566  -12.754047393798828 
0.001033119508065   0.625735521316528   1.074016213417053   12.753930091857910  -13.202210426330566 
0.001033299486153   0.552928507328033   0.949105858802795   13.202075004577637  -13.598252296447754 
0.001033479464240   0.477937996387482   0.820448458194733   13.598100662231445  -13.940610885620117 
0.001033659442328   0.401060134172440   0.688551902770996   13.940442085266113  -14.227933883666992 
0.001033839420415   0.322598516941071   0.553936839103699   14.227747917175293  -14.459086418151855 
0.001034019398503   0.242862954735756   0.417134791612625   14.458884239196777  -14.633155822753906 
0.001034199376591   0.162168353796005   0.278685837984085   14.632938385009766  -14.749455451965332 
0.001034379354678   0.080833345651627   0.139136523008347   14.749222755432129  -14.807525634765625 
0.001034559332766   -0.000820872082841  -0.000962207035627  14.807278633117676  -14.807137489318848 
0.001034739310853   -0.082471847534180  -0.141057267785072  14.806876182556152  -14.748291015625000 
0.001034919288941   -0.163797140121460  -0.280595570802689  14.748019218444824  -14.631220817565918 
0.001035099267028   -0.244475603103638  -0.419026225805283  14.630937576293945  -14.456386566162109 
0.001035279245116   -0.324188649654388  -0.555802702903748  14.456093788146973  -14.224479675292969 
0.001035459223203   -0.402621477842331  -0.690385043621063  14.224179267883301  -13.936415672302246 
0.001035639201291   -0.479464381933212  -0.822241902351379  13.936108589172363  -13.593331336975098 
0.001035819179378   -0.554413914680481  -0.950852751731873  13.593018531799316  -13.196579933166504 
0.001035999157466   -0.627174079418182  -1.075709700584412  13.196265220642090  -12.747729301452637 
0.001036179135554   -0.697457551956177  -1.196320056915283  12.747412681579590  -12.248550415039062 
0.001036359113641   -0.764986813068390  -1.312207460403442  12.248234748840332  -11.701014518737793 
0.001036539091729   -0.829495131969452  -1.422914505004883  11.700701713562012  -11.107282638549805 
0.001036719069816   -0.890727818012238  -1.528003931045532  11.106973648071289  -10.469697952270508 
0.001036899047904   -0.948443114757538  -1.627061128616333  10.469397544860840  -9.790779113769531  
0.001037079025991   -1.002413034439087  -1.719694733619690  9.790488243103027   -9.073206901550293  
0.001037259004079   -1.052424430847168  -1.805539250373840  9.072926521301270   -8.319811820983887  
0.001037438982166   -1.098279833793640  -1.884255647659302  8.319544792175293   -7.533568859100342  
0.001037618960254   -1.139798164367676  -1.955533266067505  7.533317565917969   -6.717582702636719  
0.001037798938341   -1.176815629005432  -2.019090414047241  6.717349529266357   -5.875074863433838  
0.001037978916429   -1.209185719490051  -2.074676275253296  5.874861240386963   -5.009370803833008  
0.001038158894517   -1.236780881881714  -2.122071504592896  5.009179115295410   -4.123888492584229  
0.001038338872604   -1.259492039680481  -2.161088943481445  4.123720645904541   -3.222123622894287  
0.001038518850692   -1.277229547500610  -2.191574335098267  3.221982002258301   -2.307637214660645  
0.001038698828779   -1.289923191070557  -2.213407516479492  2.307523012161255   -1.384038686752319  
0.001038878806867   -1.297523140907288  -2.226502418518066  1.383953809738159   -0.454974532127380  
0.001039058784954   -1.299999117851257  -2.230807065963745  0.454920619726181   0.475887328386307   
0.001039238763042   -1.297341585159302  -2.226304531097412  -0.475908756256104  1.404871702194214   
0.001039418741129   -1.289560794830322  -2.213012456893921  -1.404859304428101  2.328310966491699   
0.001039598719217   -1.276687622070312  -2.190983533859253  -2.328263759613037  3.242559671401978   
0.001039778697304   -1.258772850036621  -2.160304546356201  -3.242476224899292  4.144007682800293   
0.001039958675392   -1.235887169837952  -2.121096849441528  -4.143887519836426  5.029097080230713   
0.001040138653480   -1.208121180534363  -2.073514699935913  -5.028939247131348  5.894332885742188   
0.001040318631567   -1.175584197044373  -2.017746686935425  -5.894136905670166  6.736299514770508   
0.001040498609655   -1.138405084609985  -1.954012393951416  -6.736064434051514  7.551671981811523   
0.001040678587742   -1.096730351448059  -1.882563591003418  -7.551398277282715  8.337231636047363   
0.001040858565830   -1.050724625587463  -1.803682446479797  -8.336918830871582  9.089876174926758   
0.001041038543917   -1.000569701194763  -1.717680215835571  -9.089525222778320  9.806635856628418   
0.001041218522005   -0.946463525295258  -1.624896407127380  -9.806246757507324  10.484679222106934  
0.001041398500092   -0.888619840145111  -1.525697588920593  -10.484252929687500 11.121330261230469  
0.001041578478180   -0.827266991138458  -1.420475125312805  -11.120867729187012 11.714076042175293  
0.001041758456267   -0.762647330760956  -1.309644460678101  -11.713576316833496 12.260573387145996  
0.001041938434355   -0.695016026496887  -1.193643212318420  -12.260040283203125 12.758666992187500  
0.001042118412443   -0.624640107154846  -1.072929382324219  -12.758102416992188 13.206391334533691  
0.001042298390530   -0.551797568798065  -0.947979509830475  -13.205794334411621 13.601976394653320  
0.001042478368618   -0.476775944232941  -0.819286882877350  -13.601348876953125 13.943860054016113  
0.001042658346705   -0.399871557950974  -0.687359571456909  -13.943204879760742 14.230692863464355  
0.001042838324793   -0.321388095617294  -0.552718400955200  -14.230013847351074 14.461343765258789  
0.001043018302880   -0.241635501384735  -0.415895015001297  -14.460640907287598 14.634900093078613  
0.001043198280968   -0.160928681492805  -0.277429550886154  -14.634178161621094 14.750679016113281  
0.001043378259055   -0.079586379230022  -0.137868672609329  -14.749938964843750 14.808220863342285  
0.001043558237143   0.002070218557492   0.002236631698906   -14.807466506958008 14.807300567626953  
0.001043738215230   0.083718635141850   0.142333224415779   -14.806532859802246 14.747918128967285  
0.001043918193318   0.165036454796791   0.281867980957031   -14.747141838073730 14.630310058593750  
0.001044098171405   0.245702549815178   0.420290023088455   -14.629529953002930 14.454942703247070  
0.001044278149493   0.325398385524750   0.557052850723267   -14.454158782958984 14.222504615783691  
0.001044458127581   0.403809219598770   0.691616475582123   -14.221722602844238 13.933915138244629  
0.001044638105668   0.480625450611115   0.823449671268463   -13.933137893676758 13.590313911437988  
0.001044818083756   0.555543661117554   0.952031970024109   -13.589543342590332 13.193055152893066  
0.001044998061843   0.628268122673035   1.076855659484863   -13.192297935485840 12.743710517883301  
0.001045178039931   0.698511540889740   1.197427868843079   -12.742967605590820 12.244050979614258  
0.001045358018018   0.765996575355530   1.313272714614868   -12.243327140808105 11.696050643920898  
0.001045537996106   0.830456733703613   1.423932909965515   -11.695348739624023 11.101872444152832  
0.001045717974193   0.891637444496155   1.528971314430237   -11.101196289062500 10.463862419128418  
0.001045897952281   0.949297070503235   1.627973198890686   -10.463215827941895 9.784540176391602   
0.001046077930368   1.003208041191101   1.720547914505005   -9.783926010131836  9.066586494445801   
0.001046257908456   1.053157329559326   1.806329727172852   -9.066007614135742  8.312835693359375   
0.001046437886544   1.098947763442993   1.884980201721191   -8.312295913696289  7.526263236999512   
0.001046617864631   1.140398502349854   1.956188559532166   -7.525767326354980  6.709977149963379   
0.001046797842719   1.177345871925354   2.019673824310303   -6.709525585174561  5.867197513580322   
0.001046977820806   1.209643959999084   2.075185298919678   -5.866794109344482  5.001252651214600   
0.001047157798894   1.237165212631226   2.122503757476807   -5.000899791717529  4.115561485290527   
0.001047337776981   1.259800910949707   2.161442279815674   -4.115261077880859  3.213619709014893   
0.001047517755069   1.277461767196655   2.191847562789917   -3.213375091552734  2.298989295959473   
0.001047697733156   1.290077924728394   2.213598966598511   -2.298802137374878  1.375281095504761   
0.001047877711244   1.297599554061890   2.226610660552979   -1.375153064727783  0.446141958236694   
0.001048057689331   1.299997210502625   2.230831861495972   -0.446074634790421  -0.484760016202927  
0.001048237667419   1.297261118888855   2.226245641708374   0.484765082597733   -1.413749575614929  
0.001048417645507   1.289402127265930   2.212869644165039   1.413691043853760   -2.337158679962158  
0.001048597623594   1.276451468467712   2.190757036209106   2.337035894393921   -3.251341342926025  
0.001048777601682   1.258460164070129   2.159995079040527   3.251153707504272   -4.152688503265381  
0.001048957579769   1.235499143600464   2.120705127716064   4.152436256408691   -5.037642478942871  
0.001049137557857   1.207659244537354   2.073042392730713   5.037324428558350   -5.902707576751709  
0.001049317535944   1.175050377845764   2.017194986343384   5.902324676513672   -6.744469165802002  
0.001049497514032   1.137801289558411   1.953383445739746   6.744021892547607   -7.559604167938232  
0.001049677492119   1.096058964729309   1.881859779357910   7.559093475341797   -8.344894409179688  
0.001049857470207   1.049988508224487   1.802906036376953   8.344320297241211   -9.097237586975098  
0.001050037448294   0.999771595001221   1.716834068298340   9.096603393554688   -9.813665390014648  
0.001050217426382   0.945606648921967   1.623983860015869   9.812971115112305   -10.491348266601562 
0.001050397404470   0.887707531452179   1.524721860885620   10.490596771240234  -11.127611160278320 
0.001050577382557   0.826302886009216   1.419440031051636   11.126805305480957  -11.719942092895508 
0.001050757360645   0.761635243892670   1.308553934097290   11.719081878662109  -12.266000747680664 
0.001050937338732   0.693959891796112   1.192501306533813   12.265090942382812  -12.763632774353027 
0.001051117316820   0.623544156551361   1.071740627288818   12.762675285339355  -13.210871696472168 
0.001051297294907   0.550666093826294   0.946748256683350   13.209870338439941  -13.605952262878418 
0.001051477272995   0.475613415241241   0.818018019199371   13.604912757873535  -13.947317123413086 
0.001051657251082   0.398682594299316   0.686058044433594   13.946239471435547  -14.233614921569824 
0.001051837229170   0.320177376270294   0.551389276981354   14.232504844665527  -14.463716506958008 
0.001052017207257   0.240407809615135   0.414543420076370   14.462578773498535  -14.636713981628418 
0.001052197185345   0.159688875079155   0.276060760021210   14.635551452636719  -14.751923561096191 
0.001052377163433   0.078339338302612   0.136488109827042   14.750740051269531  -14.808888435363770 
0.001052557141520   -0.003319563111290  -0.003623516298831  14.807691574096680  -14.807387351989746 
0.001052737119608   -0.084965355694294  -0.143720939755440  14.806179046630859  -14.747423171997070 
0.001052917097695   -0.166275620460510  -0.283251047134399  14.746211051940918  -14.629235267639160 
0.001053097075783   -0.246929273009300  -0.421662896871567  14.628021240234375  -14.453288078308105 
0.001053277053870   -0.326607793569565  -0.558410048484802  14.452076911926270  -14.220274925231934 
0.001053457031958   -0.404996573925018  -0.692952632904053  14.219074249267578  -13.931118011474609 
0.001053637010045   -0.481786042451859  -0.824759423732758  13.929932594299316  -13.586958885192871 
0.001053816988133   -0.556672930717468  -0.953309953212738  13.585792541503906  -13.189155578613281 
0.001053996966220   -0.629361569881439  -1.078096866607666  13.188013076782227  -12.739277839660645 
0.001054176944308   -0.699564874172211  -1.198627114295959  12.738164901733398  -12.239102363586426 
0.001054356922396   -0.767005622386932  -1.314425230026245  12.238023757934570  -11.690604209899902 
0.001054536900483   -0.831417560577393  -1.425033688545227  11.689564704895020  -11.095948219299316 
0.001054716878571   -0.892546176910400  -1.530016064643860  11.094953536987305  -10.457483291625977 
0.001054896856658   -0.950150191783905  -1.628957629203796  10.456537246704102  -9.777729988098145  
0.001055076834746   -1.004002094268799  -1.721467852592468  9.776837348937988   -9.059371948242188  
0.001055256812833   -1.053889274597168  -1.807181358337402  9.058534622192383   -8.305242538452148  
0.001055436790921   -1.099614739418030  -1.885759830474854  8.304468154907227   -7.518322944641113  
0.001055616769008   -1.140997767448425  -1.956893086433411  7.517613887786865   -6.701718330383301  
0.001055796747096   -1.177875041961670  -2.020300149917603  6.701077938079834   -5.858653068542480  
0.001055976725183   -1.210101008415222  -2.075730800628662  5.858085155487061   -4.992455482482910  
0.001056156703271   -1.237548351287842  -2.122966051101685  4.991962909698486   -4.106545448303223  
0.001056336681359   -1.260108590126038  -2.161819458007812  4.106131553649902   -3.204420566558838  
0.001056516659446   -1.277692794799805  -2.192137241363525  3.204087972640991   -2.289643526077271  
0.001056696637534   -1.290231347084045  -2.213800430297852  2.289394140243530   -1.365825057029724  
0.001056876615621   -1.297674894332886  -2.226722955703735  1.365661144256592   -0.436613082885742  
0.001057056593709   -1.299993991851807  -2.230853796005249  0.436536014080048   0.494323790073395   
0.001057236571796   -1.297179460525513  -2.226176738739014  -0.494312793016434  1.423310041427612   
0.001057416549884   -1.289242386817932  -2.212710380554199  -1.423210144042969  2.346678256988525   
0.001057596527971   -1.276214122772217  -2.190507650375366  -2.346488475799561  3.260782003402710   
0.001057776506059   -1.258146166801453  -2.159656286239624  -3.260502338409424  4.162012577056885   
0.001057956484146   -1.235109925270081  -2.120278358459473  -4.161643028259277  5.046811580657959   
0.001058136462234   -1.207196235656738  -2.072528839111328  -5.046353340148926  5.911685943603516   
0.001058316440322   -1.174515366554260  -2.016596555709839  -5.911139488220215  6.753220558166504   
0.001058496418409   -1.137196421623230  -1.952702045440674  -6.752586841583252  7.568092346191406   
0.001058676396497   -1.095386743545532  -1.881097912788391  -7.567373752593994  8.353084564208984   
0.001058856374584   -1.049251317977905  -1.802066802978516  -8.352283477783203  9.105098724365234   
0.001059036352672   -0.998972535133362  -1.715920448303223  -9.104215621948242  9.821163177490234   
0.001059216330759   -0.944748878479004  -1.622999310493469  -9.820201873779297  10.498452186584473  
0.001059396308847   -0.886794388294220  -1.523670077323914  -10.497417449951172 11.134293556213379  
0.001059576286934   -0.825338006019592  -1.418324947357178  -11.133185386657715 11.726172447204590  
0.001059756265022   -0.760622382164001  -1.307379961013794  -11.724997520446777 12.271755218505859  
0.001059936243109   -0.692903161048889  -1.191272974014282  -12.270516395568848 12.768886566162109  
0.001060116221197   -0.622447609901428  -1.070462584495544  -12.767588615417480 13.215603828430176  
0.001060296199284   -0.549534082412720  -0.945425510406494  -13.214251518249512 13.610142707824707  
0.001060476177372   -0.474450469017029  -0.816655576229095  -13.608740806579590 13.950945854187012  
0.001060656155460   -0.397493273019791  -0.684661209583282  -13.949499130249023 14.236666679382324  
0.001060836133547   -0.318966388702393  -0.549963593482971  -14.235181808471680 14.466178894042969  
0.001061016111635   -0.239179894328117  -0.413094431161880  -14.464660644531250 14.638575553894043  
0.001061196089722   -0.158448919653893  -0.274594187736511  -14.637028694152832 14.753173828125000  
0.001061376067810   -0.077092222869396  -0.135009720921516  -14.751605987548828 14.809523582458496  
0.001061556045897   0.004568904638290   0.005107910837978   -14.807940483093262 14.807401657104492  
0.001061736023985   0.086211986839771   0.145205467939377   -14.805809020996094 14.746815681457520  
0.001061916002072   0.167514622211456   0.284729808568954   -14.745220184326172 14.628005027770996  
0.001062095980160   0.248155757784843   0.423130005598068   -14.626413345336914 14.451438903808594  
0.001062275958247   0.327816933393478   0.559859752655029   -14.449857711791992 14.217814445495605  
0.001062455936335   0.406183570623398   0.694379031658173   -14.216250419616699 13.928054809570312  
0.001062635914423   0.482946187257767   0.826156795024872   -13.926512718200684 13.583302497863770  
0.001062815892510   0.557801723480225   0.954672753810883   -13.581789970397949 13.184919357299805  
0.001062995870598   0.630454480648041   1.079419493675232   -13.183442115783691 12.734477043151855  
0.001063175848685   0.700617611408234   1.199904441833496   -12.733041763305664 12.233755111694336  
0.001063355826773   0.768014013767242   1.315651893615723   -12.232368469238281 11.684730529785156  
0.001063535804860   0.832377612590790   1.426204800605774   -11.683397293090820 11.089570045471191  
0.001063715782948   0.893454134464264   1.531126856803894   -11.088297843933105 10.450625419616699  
0.001063895761035   0.951002478599548   1.630003452301025   -10.449418067932129 9.770417213439941   
0.001064075739123   1.004795312881470   1.722444534301758   -9.769280433654785  9.051630973815918   
0.001064255717210   1.054620265960693   1.808084964752197   -9.050571441650391  8.297106742858887   
0.001064435695298   1.100280642509460   1.886586546897888   -8.296127319335938  7.509821414947510   
0.001064615673386   1.141595959663391   1.957639336585999   -7.508927822113037  6.692884445190430   
0.001064795651473   1.178403258323669   2.020962715148926   -6.692080497741699  5.849521160125732   
0.001064975629561   1.210556983947754   2.076307058334351   -5.848811149597168  4.983060836791992   
0.001065155607648   1.237930297851562   2.123453378677368   -4.982449054718018  4.096925735473633   
0.001065335585736   1.260415077209473   2.162215709686279   -4.096414089202881  3.194613456726074   
0.001065515563823   1.277922630310059   2.192440748214722   -3.194205045700073  2.279686927795410   
0.001065695541911   1.290383577346802   2.214009761810303   -2.279384613037109  1.355758428573608   
0.001065875519998   1.297749042510986   2.226836919784546   -1.355564117431641  0.426476240158081   
0.001066055498086   1.299989581108093   2.230871915817261   -0.426391422748566  -0.504490911960602  
0.001066235476173   1.297096610069275   2.226098775863647   0.504464924335480   -1.433467149734497  
0.001066415454261   1.289081335067749   2.212536096572876   1.433329701423645   -2.356784343719482  
0.001066595432349   1.275975704193115   2.190237760543823   2.356535196304321   -3.270797252655029  
0.001066775410436   1.257831215858459   2.159291744232178   3.270436763763428   -4.171897411346436  
0.001066955388524   1.234719514846802   2.119820117950439   4.171425342559814   -5.056526184082031  
0.001067135366611   1.206732153892517   2.071978807449341   5.055943965911865   -5.921190738677979  
0.001067315344699   1.173979282379150   2.015956640243530   5.920500755310059   -6.762477874755859  
0.001067495322786   1.136590480804443   1.951974511146545   6.761681079864502   -7.577064990997314  
0.001067675300874   1.094713330268860   1.880285501480103   7.576164722442627   -8.361737251281738  
0.001067855278961   1.048513293266296   1.801172494888306   8.360734939575195   -9.113393783569336  
0.001068035257049   0.998172581195831   1.714947819709778   9.112294197082520   -9.829069137573242  
0.001068215235136   0.943890213966370   1.621951818466187   9.827875137329102   -10.505936622619629 
0.001068395213224   0.885880470275879   1.522551774978638   10.504652976989746  -11.141324043273926 
0.001068575191312   0.824372351169586   1.417140126228333   11.139954566955566  -11.732722282409668 
0.001068755169399   0.759608864784241   1.306133151054382   11.731272697448730  -12.277796745300293 
0.001068935147487   0.691845715045929   1.189969062805176   12.276270866394043  -12.774394035339355 
0.001069115125574   0.621350526809692   1.069106459617615   12.772799491882324  -13.220555305480957 
0.001069295103662   0.548401594161987   0.944022536277771   13.218895912170410  -13.614517211914062 
0.001069475081749   0.473287075757980   0.815211296081543   13.612799644470215  -13.954724311828613 
0.001069655059837   0.396303564310074   0.683181166648865   13.952955245971680  -14.239832878112793 
0.001069835037924   0.317755073308945   0.548453569412231   14.238020896911621  -14.468719482421875 
0.001070015016012   0.237951770424843   0.411560386419296   14.466868400573730  -14.640477180480957 
0.001070194994099   0.157208815217018   0.273042172193527   14.638596534729004  -14.754429817199707 
0.001070374972187   0.075845040380955   0.133445799350739   14.752527236938477  -14.810128211975098 
0.001070554950275   -0.005818241741508  -0.006677548866719  14.808208465576172  -14.807349205017090 
0.001070734928362   -0.087458543479443  -0.146774604916573  14.805421829223633  -14.746106147766113 
0.001070914906450   -0.168753474950790  -0.286292195320129  14.744178771972656  -14.626640319824219 
0.001071094884537   -0.249382019042969  -0.424679517745972  14.624720573425293  -14.449422836303711 
0.001071274862625   -0.329025745391846  -0.561390101909637  14.447517395019531  -14.215152740478516 
0.001071454840712   -0.407370179891586  -0.695884168148041  14.213271141052246  -13.924757003784180 
0.001071634818800   -0.484105914831161  -0.827630758285522  13.922905921936035  -13.579380989074707 
0.001071814796887   -0.558929920196533  -0.956109642982483  13.577568054199219  -13.180388450622559 
0.001071994774975   -0.631546795368195  -1.080813527107239  13.178620338439941  -12.729353904724121 
0.001072174753062   -0.701669633388519  -1.201250076293945  12.727639198303223  -12.228058815002441 
0.001072354731150   -0.769021689891815  -1.316943645477295  12.226404190063477  -11.678482055664062 
0.001072534709238   -0.833336889743805  -1.427437424659729  11.676895141601562  -11.082794189453125 
0.001072714687325   -0.894361257553101  -1.532295346260071  11.081279754638672  -10.443346023559570 
0.001072894665413   -0.951853811740875  -1.631103038787842  10.441912651062012  -9.762663841247559  
0.001073074643500   -1.005587577819824  -1.723470807075500  9.761316299438477   -9.043433189392090  
0.001073254621588   -1.055350303649902  -1.809033632278442  9.042178153991699   -8.288495063781738  
0.001073434599675   -1.100945472717285  -1.887453794479370  8.287339210510254   -7.500830650329590  
0.001073614577763   -1.142193078994751  -1.958421468734741  7.499777793884277   -6.683549404144287  
0.001073794555850   -1.178930282592773  -2.021656751632690  6.682604312896729   -5.839878082275391  
0.001073974533938   -1.211011886596680  -2.076909780502319  5.839045047760010   -4.973147392272949  
0.001074154512025   -1.238311171531677  -2.123962402343750  4.972431182861328   -4.086780071258545  
0.001074334490113   -1.260720491409302  -2.162628650665283  4.086184024810791   -3.184275865554810  
0.001074514468201   -1.278151273727417  -2.192755937576294  3.183803081512451   -2.269198417663574  
0.001074694446288   -1.290534734725952  -2.214225530624390  2.268851041793823   -1.345160245895386  
0.001074874424376   -1.297821879386902  -2.226952552795410  1.344940543174744   -0.415809869766235  
0.001075054402463   -1.299983978271484  -2.230886697769165  0.415719538927078   0.515183210372925   
0.001075234380551   -1.297012567520142  -2.226012468338013  -0.515142977237701  1.444142818450928   
0.001075414358638   -1.288919210433960  -2.212348937988281  -1.443971633911133  2.367401361465454   
0.001075594336726   -1.275735974311829  -2.189950227737427  -2.367099046707153  3.281313419342041   
0.001075774314813   -1.257514953613281  -2.158904552459717  -3.280880212783813  4.182270050048828   
0.001075954292901   -1.234328031539917  -2.119334697723389  -4.181707382202148  5.066714286804199   
0.001076134270988   -1.206266880035400  -2.071396827697754  -5.066023826599121  5.931153774261475   
0.001076314249076   -1.173442125320435  -2.015280485153198  -5.930337429046631  6.772175788879395   
0.001076494227163   -1.135983586311340  -1.951206684112549  -6.771235466003418  7.586458683013916   
0.001076674205251   -1.094039082527161  -1.879428744316101  -7.585398674011230  8.370788574218750   
0.001076854183339   -1.047774195671082  -1.800230026245117  -8.369611740112305  9.122067451477051   
0.001077034161426   -0.997371733188629  -1.713923215866089  -9.120778083801270  9.837329864501953   
0.001077214139514   -0.943030714988708  -1.620849132537842  -9.835931777954102  10.513750076293945  
0.001077394117601   -0.884965658187866  -1.521375179290771  -10.512249946594238 11.148659706115723  
0.001077574095689   -0.823405981063843  -1.415894150733948  -11.147061347961426 11.739549636840820  
0.001077754073776   -0.758594632148743  -1.304822564125061  -11.737858772277832 12.284086227416992  
0.001077934051864   -0.690787672996521  -1.188598752021790  -12.282310485839844 12.780121803283691  
0.001078114029951   -0.620252847671509  -1.067682027816772  -12.778266906738281 13.225696563720703  
0.001078294008039   -0.547268629074097  -0.942549526691437  -13.223770141601562 13.619050979614258  
0.001078473986126   -0.472123265266418  -0.813695371150970  -13.617059707641602 13.958631515502930  
0.001078653964214   -0.395113497972488  -0.681628286838531  -13.956583023071289 14.243098258972168  
0.001078833942302   -0.316543459892273  -0.546869814395905  -14.241000175476074 14.471326828002930  
0.001079013920389   -0.236723423004150  -0.409951955080032  -14.469187736511230 14.642416000366211  
0.001079193898477   -0.155968561768532  -0.271415382623672  -14.640245437622070 14.755692481994629  
0.001079373876564   -0.074597783386707  -0.131807073950768  -14.753497123718262 14.810706138610840  
